2.035965293365196369e-02 3.553843666297509113e-02 1.188206821943359019e-02 7.349420489782787849e-03 4.523872919522705337e-03 4.738773033043633398e-02 5.391504976921254744e-02 1.291221254893321416e-02 2.251203634374280768e-02 5.193146420749348430e-02 1.314363027356988713e-02 7.761482415695949121e-03 1.066703005670934234e-01 4.707636373290109699e-02 2.021608547742860529e-02 8.103720054062025710e-03 5.026222772289896251e-02 2.255637760586980470e-02 9.284772275574770806e-02 1.095235034913136785e-01 2.344537180070476942e-02 6.049472161504225454e-02 4.357822203774631975e-02 4.925050413648861258e-02 3.062723212884562937e-02 1.431283165129106950e-02 3.181775810811558747e-02
8.170485745349832102e-03 3.888387591233448252e-04 2.648147525140056441e-03 5.079034250829223994e-04 3.595698956634394566e-03 2.037290314443132855e-01 1.216580197116593487e-01 1.892799632799263207e-02 2.903987773794170467e-03 4.653620865069557459e-03 2.411212692832840482e-02 1.201211353026664205e-04 8.078108998289710088e-03 2.833283502146881627e-01 5.790871932673644779e-02 9.420497268955694854e-04 4.058361893066232857e-03 7.707295074732740947e-02 1.837521874579208653e-02 1.351253663194979145e-02 3.993392151058740291e-03 2.409691609037971707e-02 5.481572786219605919e-02 1.757458287313512328e-03 1.378900182977790302e-02 1.340199968732125151e-03 4.551502892800605299e-02
1.494401854371562796e-02 8.335567088438676844e-03 1.499778093127239215e-03 1.770506526944896561e-02 6.003459267892739815e-02 3.751909857472143089e-02 2.543356752804134396e-02 1.452252196431139640e-02 3.932089974393873470e-03 2.012868744861394475e-03 2.121890707973253347e-03 1.753672952394476825e-03 3.389374877575580119e-02 8.173826147730404654e-03 5.853423242929240052e-03 4.844976398708115755e-04 1.479857355116268210e-03 5.181443311405056207e-01 6.049686837160486198e-03 1.372707453636581518e-02 2.027462628761481523e-03 4.357045320457660770e-02 7.331766053522369674e-03 9.801360540964483992e-04 7.448828606044104010e-03 2.672126934825084718e-02 1.342989063089586599e-01
1.620267966696303623e-03 3.329306725540348011e-01 2.457059182560540622e-02 2.768790851658501362e-01 3.695579408858502227e-03 2.232394099039498783e-03 3.396139271120222902e-03 8.990734163413640484e-03 4.418084162868864823e-02 2.413269966025898602e-03 6.498231365349453614e-02 2.821247159744278907e-02 1.505660470784955275e-02 4.344827091104180947e-04 4.045586435447085655e-02 2.373048660446072395e-03 2.017485738334489492e-02 1.155569627530091473e-02 2.605241839828461008e-03 2.422510811659564327e-03 5.574580745391932712e-02 1.594049261502777232e-02 1.229111522923984935e-02 3.319148558424689366e-04 3.246094424549923036e-04 9.655620340149270037e-03 1.652777202108499446e-02
1.326222205622476329e-02 1.759854530329278341e-02 4.066530969353049363e-02 9.260088379085748556e-02 2.518512099730184015e-02 1.051144823153936717e-02 7.451850317110668420e-02 2.565924164987223866e-02 1.849445791809683354e-02 5.492203433002963014e-02 2.982323875926072565e-02 6.642758030300283112e-02 9.777967720721199296e-02 2.063837433555524084e-02 4.400424486347803005e-02 6.243508997073851898e-06 1.037414603920809759e-02 2.775457820987992097e-02 5.428709906225171605e-02 7.006812889862098354e-03 9.779373562508079237e-03 3.615604594058457327e-02 1.175946792350255343e-01 2.318236096501075094e-02 1.416902905522229167e-02 6.551875000660387950e-03 6.104687392042859595e-02
5.545919122635649401e-02 2.779349493704917975e-02 5.791524986040345012e-03 1.007268198526554449e-02 1.078632597395554407e-03 4.929108699389270210e-03 3.562737158483510452e-03 7.179991367352061248e-03 1.054410360487839649e-02 5.083286236629546914e-03 8.237342293075969671e-03 1.693541347948621795e-02 1.328704700742238884e-02 1.186284996241411538e-02 4.045980121551951032e-03 6.438244564857187324e-01 9.203430892769570368e-03 4.210138277299119852e-03 1.412980970233327152e-02 1.230001765691494942e-02 2.649122853754142665e-02 1.526260702455485389e-02 1.568671704470065917e-02 4.042850410156620215e-03 1.226332626190078032e-02 5.279988090796464834e-02 3.922151135354938652e-03
1.991276309630563967e-03 3.076517050788273727e-02 2.861764057816052267e-02 1.266559922942339135e-02 2.217043088917134905e-02 1.413648443584892764e-03 8.698592391567744331e-02 1.536127062585479139e-02 4.418968615534216854e-02 8.087866429450665112e-03 2.618178855894451318e-03 1.397193042623985464e-02 9.844083579537310502e-02 1.641756970825286599e-02 8.275384508494248005e-04 8.933358731586576659e-04 6.953524009515438774e-03 1.460464956048486418e-02 3.708037587565760768e-02 3.710273903574091287e-02 3.193179299932338844e-01 9.656002660546328387e-02 4.956253852582077207e-02 2.882909341082491583e-04 6.491576009184801994e-03 1.955642656455821096e-02 2.706402069228500129e-02
2.282657116903763841e-02 1.268651798850855550e-01 1.148355191926297980e-02 8.539711822298642896e-02 1.949458975511671466e-01 4.151565020427681538e-03 6.650440593765037656e-03 7.164972513434801973e-03 3.906614286717625950e-02 1.006686550966968616e-02 3.301052422929418029e-02 6.943453088142738372e-02 3.195603990545548001e-02 7.875180936049950078e-03 1.002645654958651648e-02 4.304391075150843632e-04 2.968662905927664519e-02 8.381027990093666002e-03 2.130916746953711791e-02 1.700467856039506245e-02 4.697587808891479089e-02 1.000740792392477013e-01 4.971953199201418344e-02 4.415961526858283061e-03 3.844448527498443239e-03 1.879113119103064181e-02 3.844598949379175734e-02
2.099725654649622561e-02 1.737395523505672057e-02 1.896880451668370507e-02 1.655170771632444304e-02 4.895005015367662887e-03 1.757935122722437127e-02 8.143163121795365944e-02 2.985730032483551594e-02 1.042332766595917837e-01 6.942319745422230459e-02 1.963890703073047431e-02 1.603939147879066690e-02 2.562042804338402618e-02 2.773089789992690471e-02 1.223619380039398657e-02 1.065521782864824359e-02 4.309286671000202990e-02 4.276168217138232724e-02 6.523015053412468955e-02 2.986522253108291752e-02 1.294101400871567470e-02 1.035283218921697335e-01 4.090753249186240836e-02 1.365113259186117103e-02 1.748209710040940848e-02 8.785773899156491817e-02 4.944971898119394221e-02
5.082598935194700129e-03 4.269109631865311040e-03 1.007234824378685362e-02 1.500831038975637688e-02 3.431029519544406998e-03 7.425368967425403574e-03 2.990558829554971522e-03 3.873081467947932927e-02 5.842399072391841509e-03 3.761708230209345836e-03 4.519367819466272446e-03 6.680458914318002095e-02 3.413572232352422575e-01 4.783342682007731689e-02 4.040778831393124909e-02 2.011025265144542821e-04 4.207062423536567057e-03 2.440730676297066248e-02 8.140671488625415841e-02 4.232795010910494343e-02 1.538029578317096774e-02 1.277999931836410960e-02 1.256595315586741535e-01 1.088318974866566823e-03 5.831505154136072677e-02 9.033192790813342546e-03 2.765683149326383233e-02
1.101302512708816385e-02 3.011698178432182724e-02 2.138590686688544504e-02 1.072605738315048594e-02 8.855171634896906105e-03 9.583039505764313903e-03 1.972936300678170829e-01 1.548181282880889582e-02 5.524002743114463099e-02 2.725089907647665691e-02 3.714299224528677668e-02 6.824851276495619637e-03 9.314902151674595010e-02 5.788410649090302423e-02 1.535036285978840821e-02 1.649809270530916644e-04 7.056440969252345680e-03 3.423347858622827200e-02 5.436914283275519344e-02 1.793616186417095262e-02 6.538825595020961168e-02 7.319257574587316462e-02 4.023897258941121907e-02 7.542058822022447429e-03 1.178820116366849531e-02 3.881562732575243729e-02 5.197621712802861366e-02
9.141333148046413420e-03 1.305599821861477654e-02 2.396183551989589967e-03 6.393282947694456896e-03 1.032775012256370410e-02 1.491514255586050795e-02 2.200372023167875002e-02 8.743320488976412050e-03 7.084165629181818531e-03 2.383604292822607759e-02 1.040670658300238763e-02 1.002299443979210065e-02 3.048437200717541914e-02 3.098063756394434792e-02 2.335321591936665928e-02 7.633941463373818473e-03 1.119387355595411748e-01 2.775113293018798000e-02 1.788235454318552742e-01 1.417120444315194128e-01 3.543535810333251889e-03 4.839168003380952404e-02 1.486556552117831997e-01 2.765962205330937604e-02 1.792543369297206618e-02 1.705638969085006632e-02 4.576341735435148633e-02
1.166037372734069488e-01 3.752589160019507986e-02 7.373369460279442789e-02 8.505540667407857081e-02 6.240094730855520917e-03 2.169645261382626908e-03 2.629714973660122806e-04 1.015533146611751446e-02 8.561901708817027225e-04 1.179713814597510308e-03 1.537600115513234472e-02 1.585175024494130461e-02 1.346663084781788144e-01 6.184693001624543170e-03 6.961087250975515027e-03 6.142787994053779121e-02 7.894273374854156875e-04 7.593078922939693921e-03 4.369636606197981749e-02 4.151276728951255879e-02 1.551958882710912091e-01 4.528740561959711253e-03 3.607329056793328464e-02 1.160189505891027692e-03 9.485297610564459581e-02 3.786751181571128971e-02 2.479366396785258938e-03
3.768650135139016855e-03 1.771225682165130516e-02 3.025431724929820987e-02 1.095614986031510397e-02 2.875653583781397418e-02 1.977004562186364736e-02 2.745393592319388953e-01 2.291938411368961773e-02 2.825388461243308683e-02 2.095209043338723195e-02 1.228120900092928222e-02 3.258050273555037485e-02 8.533215686766337793e-02 1.995981709077448985e-02 7.899344060763915584e-03 4.645688138702922876e-05 1.074957684738224277e-02 2.075599850939922192e-02 4.441520825183665339e-02 4.315246361357393673e-02 4.050949268505536771e-02 9.658908254505033097e-02 6.845194462070769426e-02 1.482153735546414518e-03 6.406185791853560157e-03 8.427730399315805712e-03 4.307800244568029541e-02
2.123343433359526494e-02 5.484229934302833637e-04 3.315076145768090874e-03 2.193163988218942151e-03 1.004092258165691608e-02 6.536340531894901246e-03 1.735950783419573130e-03 8.460287861653236971e-03 8.742672104893544315e-04 7.867838807605010906e-03 4.219640931321032296e-02 4.495371553527786196e-02 1.274992107732570226e-03 2.444935717419296009e-02 2.787538074399783378e-02 4.875602973149326027e-04 3.645399305897781272e-02 4.536366976845589670e-03 6.158015948621896503e-03 4.947488228869758101e-03 6.278563191765181885e-03 9.862302966863829487e-05 4.916525851421199751e-03 5.703491736546317803e-01 1.087942438418919161e-01 5.067865205392369649e-02 2.745233753924511497e-03
8.148507478051344316e-03 8.049080109556824847e-02 7.491438513415478104e-03 4.374951186016995397e-02 1.118450665676560098e-03 1.839722364453761239e-03 9.800219854390387203e-04 1.630389268098027533e-01 7.735421268536959993e-02 8.197919997521540755e-03 8.966909946860593741e-03 2.719798063226478921e-02 6.028913192101162388e-02 8.966527527363911398e-03 8.560794279314512751e-04 7.111810177376000353e-02 1.201777328784528476e-01 1.020035205637921140e-02 3.585325505999360091e-02 3.140958542421640881e-02 1.728375670005926831e-02 1.480445091404828870e-02 3.180332534500032726e-02 8.870337632591531623e-05 4.010293486631307663e-02 2.360909186148700198e-02 1.048625668330632893e-01
8.961825696695804866e-03 1.617943411114816307e-02 6.677861186616408304e-03 6.426340144865639453e-03 8.042059714603649531e-04 8.037942924925590288e-03 2.774719648694952932e-03 1.078677044680805344e-02 1.219394038075138388e-02 7.151089829834012500e-03 9.528996075947204769e-03 1.761942216475125347e-02 1.737072033412250319e-02 2.562201923854573807e-02 6.731092707708657454e-03 6.040328035709221499e-01 2.365458482920626548e-02 7.199851378141662248e-03 1.904994859879631519e-02 1.670785673107917993e-02 5.821575927290147112e-02 1.769245189832812509e-02 3.100244419615517943e-02 2.534416917863797827e-03 1.596867593235050398e-02 3.376026745828156900e-02 1.331455835309803062e-02
2.393294687407759424e-03 2.625271635503709212e-04 1.795113395184279705e-03 2.567003987799877911e-03 3.855526004493249701e-03 3.690590020408053389e-03 2.060650779088102694e-02 5.931289577890056647e-02 3.596267574746726554e-03 2.056169307796073750e-02 1.519990265789208927e-03 3.272031134263155699e-02 7.323802564144360483e-02 1.530361674153400964e-01 1.655576237278877719e-02 4.570665005638910143e-04 2.258997737783052968e-03 9.686555420858299070e-02 1.168594797322740214e-01 7.500513570636464789e-02 2.134816546467223353e-03 8.708987017637967454e-02 1.550435208335402548e-01 4.037582683240016818e-04 2.630486573947424939e-02 6.138055295003538858e-03 3.572720273591650786e-02
4.154310530721328464e-03 1.868529658986047004e-01 8.229969741002979636e-03 2.351250564077242075e-02 4.859023650736602265e-03 1.403449977548903646e-02 6.372112989597909782e-03 8.213504096967116919e-02 1.626540833335253511e-01 7.396723918454295270e-03 8.065877653285453974e-02 7.497724151440858520e-02 2.478941428207210446e-02 1.125688645473925517e-03 8.362030072204405980e-04 6.009299300678743253e-04 3.990720520031110913e-02 1.744443371295193237e-02 1.988363752863414602e-02 4.343899225629752753e-02 1.043398719166270250e-01 3.542924937774238892e-02 1.564480460158591477e-02 1.316254431803982015e-02 2.612315818399694838e-03 8.029118110940050568e-03 1.691833679779725097e-02
1.357115148662148621e-02 1.362807951982452324e-02 6.414365856682617203e-03 4.110172341664559970e-03 6.694971611404092367e-03 6.441051869232101990e-02 2.067459077164829698e-02 1.700970632724805101e-02 1.749705265669608892e-02 1.422302699028711245e-02 6.763508516844988355e-03 5.076345273743718134e-03 1.308594560099370918e-01 4.298529489577813251e-02 7.975270963554988851e-03 3.313371519436521207e-04 3.162709751838522522e-03 2.620661544071137619e-02 1.135249851914634234e-01 1.345140949305273503e-01 1.944312442041930544e-01 3.440223781633444666e-02 4.353348375208799387e-02 1.742137118367193677e-02 2.419057487021447975e-02 4.994915313045499190e-03 3.139291847971154015e-02
5.701588679821430194e-02 2.577595977255351181e-02 1.687576230032132932e-02 2.061159480532640670e-02 2.330330106982253166e-02 3.072071920199188552e-02 2.646457111518811869e-02 2.888033374053313243e-02 3.145202316667224801e-02 7.348845944828096000e-02 1.872214710476217611e-02 2.515844530333318993e-02 2.813504436395505154e-02 4.743418517558795067e-02 9.501174369170974424e-03 4.536080098448525000e-03 3.272258206299172301e-02 3.048340125790481234e-02 3.891243269745264105e-02 8.411098005157943702e-02 1.702146778280684211e-02 1.709103954614071552e-01 3.665487602709378845e-02 2.046096981884496999e-02 2.631381180470413611e-02 4.616058854671473838e-02 2.817280665433749900e-02
2.330768292613048104e-02 8.551511763267928556e-02 3.586610260267198563e-02 2.757015305674788072e-02 5.392784142390836394e-03 6.288803269449680378e-03 1.304385028448736862e-02 2.628529436226601651e-02 4.629424287123331400e-02 1.504471002983715465e-02 1.171346874960894034e-02 1.875499496803761934e-02 3.284801542783119532e-02 2.186477610995146703e-02 1.685898280445927676e-03 2.371080172429837832e-02 2.540253734864077184e-02 1.854487701092254540e-02 2.202274498940932565e-02 2.543203051014958707e-02 3.001032171694358874e-01 3.992183260255102728e-02 3.916137897339324464e-02 6.166883591531164936e-03 1.143360868331103064e-02 1.083094870543599153e-01 8.314705628227900616e-03
5.614635705126747728e-02 1.395985262504560558e-02 7.170648321857509347e-03 2.228076237755181183e-02 1.958054637603831583e-03 1.188624811751833564e-02 5.017964768354922847e-03 4.283339901617730372e-02 2.546982385103649729e-02 2.275110807660252546e-02 1.287382955725063227e-01 6.295222419830952265e-02 5.808941079393391271e-02 5.669806689673150511e-03 1.242219714395299823e-02 6.666304272811229836e-03 3.829765471739177835e-02 1.158678445898610708e-02 3.530058246940448452e-02 5.060922212366621153e-02 8.000372158476452833e-02 1.800941143223895244e-02 2.395150535678217812e-02 9.613411341435998403e-02 5.062552656275328550e-02 1.103692141953149797e-01 1.099806170134454966e-03
6.342732734374849357e-03 3.257726667728633868e-02 1.716293601886899681e-02 2.260780756985963924e-02 1.303027812579233558e-01 6.875764333934169734e-03 1.800786821498455079e-02 2.162391582694643197e-02 5.419153345841781072e-02 2.001433330808055633e-02 1.502682864714102902e-02 5.445245171882384660e-02 6.869620867320919144e-02 2.904636934908624499e-02 6.976830640303192249e-03 1.175511487202272410e-03 2.593101412586156299e-02 1.624955946811168159e-02 3.745401555084013762e-02 4.186354466985563183e-02 8.521345964271173634e-02 9.714989050304116691e-02 4.985289007786943005e-02 6.269142739022130761e-02 1.267146982178022838e-02 1.211697769897716707e-02 5.372461113428746854e-02
1.175890558368364661e-02 1.829144732142623173e-02 5.169350777801032248e-02 1.262723143191525448e-02 1.036228528720407535e-02 3.419209996386779471e-02 7.110068056013223170e-02 3.655868805942982802e-02 2.970163859802598186e-02 7.052724317982705937e-02 2.631993152263652908e-02 4.175885544846672653e-02 2.659080394468201630e-02 9.096067998468607141e-02 2.082005887418764394e-03 1.226556072995981612e-03 8.324604997480574906e-03 2.397234273303879698e-02 3.218575480334526923e-02 7.119991439124834232e-02 4.619632480026234639e-02 1.145677796016253969e-01 5.766906634566313500e-02 6.312777074159163504e-03 2.923320285709623406e-02 2.109997118577612227e-02 5.348570058589612736e-02
1.064353949621966652e-02 2.635223346383368522e-05 1.249079407591760331e-02 1.203047076104972208e-03 6.396992889097995183e-02 6.327761873679805908e-03 4.529172801164283065e-03 3.132541755670830569e-02 1.983246490860660627e-01 4.303583690908870107e-02 1.956272004732900402e-02 1.166060255333012108e-01 4.577167940172474528e-04 1.645566338290976316e-01 2.539297472146823109e-02 5.233205859922350663e-03 4.853809489520527140e-03 8.318713841155915556e-02 2.274023516621627439e-03 1.219963350204967580e-03 5.758962306915306820e-03 2.957779965768098096e-03 1.908090396504133479e-02 3.658572901801770277e-02 7.127738544200062920e-02 6.804568761611368144e-02 1.072840133707987208e-03
6.531851990415772809e-03 9.858738187848766626e-04 1.299420548966958959e-02 1.524955010167833086e-03 5.255146332045107158e-03 1.128763414216624010e-02 1.082296406730783554e-02 3.010802000785850474e-02 1.267205526103320525e-02 1.031169331812572115e-01 9.705631530999512743e-03 3.719810672243345669e-03 2.280489686153405471e-01 7.543842893987186271e-02 3.785965683164069662e-03 3.795585903128346388e-04 8.770379658435684470e-03 2.280193842078366909e-03 4.195207363037446735e-02 2.309296325980920439e-01 6.308276700785849303e-03 4.056630007844561070e-02 7.889816431925837648e-02 1.408245656974436251e-03 3.703082494797296093e-02 1.712440466399019548e-02 1.835350057095374438e-02
7.242400223796608598e-04 1.311652160841378541e-02 2.117232391628717011e-03 4.869710115904387834e-03 6.004104458902625660e-03 6.450286471378828719e-03 1.370097477110425845e-03 6.923603641697173572e-02 2.368320656658106371e-01 1.593146315483685155e-02 9.942348275859132570e-03 4.565607699707680683e-02 6.159874249401551399e-02 2.793025312209290387e-02 7.629291116364692038e-03 6.073281332422758409e-03 2.447691986538180070e-02 1.247230682350226882e-02 8.989179144899331342e-02 8.106702898613604713e-02 7.822133838755873994e-03 4.596661657801338202e-02 8.478461158160864597e-02 2.546260501020854421e-03 6.568654958993335423e-03 1.230892149472854157e-02 1.166130028016965081e-01
3.527693950926156369e-02 2.975554171576919593e-01 1.134041050379093127e-02 1.312240476206506246e-01 2.789591651609336920e-02 7.441834557123162310e-03 9.320741731900042751e-03 1.006165227930643641e-02 1.954457268288491145e-02 4.088280308422252707e-03 1.766380108378680369e-01 4.624137117041411671e-02 9.712248654033748749e-03 7.924908308028470608e-04 7.080385617336902582e-02 1.693842183576343995e-04 2.583960848521483361e-02 9.973938812642439353e-03 4.541017325519596144e-03 2.312974913094812627e-03 1.538080468266746388e-02 1.006240364388734029e-02 4.344294970459308680e-03 3.752481188965631209e-02 4.637309210482385910e-03 1.522489536284322639e-02 1.205076595156155325e-02
2.152722488718455951e-02 3.764386569507548463e-01 1.052064632767921518e-02 5.929914809461771935e-02 3.143961022379828264e-04 2.197744102250688124e-03 1.398731415021440671e-03 1.002240178231226034e-02 1.566515091504878596e-02 7.819271026953429756e-04 1.310457878846540969e-02 2.283193680554938473e-02 3.042217167085216334e-02 1.389160941026301981e-03 7.105102971667779516e-03 3.322497706763043179e-02 2.547834053533941726e-02 1.664167844576247210e-02 2.314521909612958506e-02 2.460868087750395922e-02 2.163064447074778129e-01 5.211704579515610142e-03 1.591822163757693892e-02 6.150831111042728665e-03 1.019414135123174019e-02 4.055955336038478271e-02 9.541228373040734276e-03
1.561506973191616101e-03 1.811027549154488325e-02 1.624498227970775114e-03 1.985072369855032937e-02 4.572541437468801047e-03 8.923872399477993881e-04 1.140783643894705685e-01 8.155737820655392309e-03 2.224547327273661279e-02 4.712294858237462553e-02 4.835305780138268728e-02 1.415402855338648326e-02 2.468273280734850639e-02 2.530976260094549082e-02 8.628963368998494865e-03 7.567636667794025440e-02 2.751713368307688243e-02 1.575518675352799219e-03 1.358744873938370346e-01 1.767468579594429906e-02 4.292007469745919707e-03 2.128947971308427223e-01 8.940639436839131760e-02 5.670497311629673493e-03 3.238307032435288561e-03 4.337026400562064843e-02 2.346653818921020165e-02
2.118856936554899262e-01 2.244747282785105463e-02 1.243818083611714174e-04 1.737215907628478087e-03 2.289912618165779873e-02 3.539198106290929418e-04 9.161521651257828859e-05 1.402294215730107499e-02 5.108311464077158141e-04 9.772502263905031693e-04 5.841837684302549072e-02 4.054920467480316315e-01 9.341760235069121237e-04 4.680505109032515390e-03 2.794211058906665227e-02 8.660060997758402141e-06 2.180078839015861351e-03 2.670699385209238867e-04 7.782174720185613829e-04 4.271628520124980165e-04 9.731268812807556887e-03 1.010333705174755670e-05 1.589723582164309082e-03 1.142301537451842208e-01 2.909912912882862621e-02 6.912504633095205298e-02 3.572164955318700029e-05
1.477462490849133434e-02 2.836181218099444873e-02 3.312297168412063619e-02 9.865363681222483194e-02 3.093456480967235467e-02 2.635234416010538358e-02 7.253224004120872870e-02 2.463695242489585824e-02 2.360688726270226620e-02 1.164024218231686850e-02 7.414452330156383331e-02 6.316997119663647631e-02 3.000263408008507424e-02 3.844323349678593123e-03 1.017927979800865509e-02 2.119454895096298296e-04 2.743174792457563071e-02 6.290533929951985792e-02 1.206579328025573529e-02 1.526143710710581823e-02 5.610628290810164981e-02 1.593305958913142917e-01 1.530117640078665700e-02 3.472254716365533872e-03 4.837559809760624829e-03 1.307942574268162669e-02 8.403943323731760673e-02
6.292245233548060535e-02 3.433155274739822099e-02 4.832752152123414614e-03 1.648821482397130889e-02 6.276304665444505399e-04 5.053314215190553467e-03 2.371723594175938980e-03 5.738094471406729631e-03 1.206076132497499800e-02 4.265217079632021430e-03 9.235379542426990634e-03 2.083281154636231619e-02 9.344685577244238664e-03 1.129921991138223974e-02 4.661752217413592247e-03 6.423446886820691759e-01 1.461872722133522595e-02 4.594633376867138935e-03 8.242934526540013351e-03 6.860807046527041785e-03 3.326710537566614917e-02 1.684883265715600778e-02 8.488948983015593905e-03 2.635810440425459273e-03 9.929954852863034920e-03 4.447992360639441145e-02 3.622071225413213413e-03
5.912131252271438054e-04 3.964656254414412710e-03 3.307579834033030301e-03 2.740988441117165123e-03 8.700993990526723759e-03 4.647494914019971966e-03 1.940912580832734532e-02 1.173248282085298175e-02 2.574603985801653810e-02 1.224494235039911144e-01 3.091563480216550416e-03 1.614743637460884073e-03 6.278457075196940129e-02 5.146744774258862204e-02 5.415862912776095613e-03 5.405506119802602028e-05 1.992463152106836548e-03 2.277993966171172960e-02 1.741086187011772202e-01 7.089042028555561648e-02 1.340247807621973127e-03 2.337386385772932951e-01 7.115329964712117927e-02 1.425850142698793311e-03 5.956356940813119574e-03 3.590486011500360498e-03 8.530543693566391972e-02
6.838410200053927912e-02 2.138460071769907739e-02 5.310044796131907496e-02 5.647087555704176365e-02 9.142056984400633024e-03 2.187742909025668786e-02 9.039012351372503751e-02 3.437352176341103988e-02 2.845611701171783456e-02 6.102517613851894673e-02 5.170801752247911748e-02 2.498411161622841881e-02 4.448656804347997373e-02 2.599244394689144075e-02 1.939330582557377905e-02 3.447628117672466280e-03 1.133193625482651658e-02 4.683848389680864838e-02 4.557974793316233592e-02 1.173839200847832595e-02 2.638990714450035677e-02 1.015258698363867701e-01 4.435344261365148366e-02 1.548077103203436729e-02 3.610732861934838611e-02 2.970135446851323094e-02 1.633624038133488568e-02
3.274762034512663372e-02 4.539546032617774313e-02 5.453368685626979774e-03 1.698518023385916370e-02 9.908079897556185817e-03 1.487199416431807079e-02 9.397470511738226229e-03 9.102424242539468996e-03 1.310331012606223179e-02 3.263666320312401392e-02 7.531102603107762972e-03 4.027834290538848810e-02 1.089121352410499372e-01 8.682167313032151945e-02 1.598635215154550065e-02 8.091420747345087067e-03 2.184912066177745540e-02 1.954357527402581646e-02 8.149968515735608876e-02 1.909165852937536045e-01 1.061083162656425993e-02 4.539368981495066346e-02 6.518954354933513551e-02 2.127284878185820016e-02 1.854372694494646479e-02 5.457299886098817415e-02 1.338479551955711402e-02
1.427284570149159890e-03 1.168657863387500585e-02 2.952698667760091100e-02 3.381406301222753680e-02 3.797421076312079962e-03 5.284873922635099225e-03 2.312536577406319738e-02 1.594925155099448724e-02 1.735734865042864311e-02 7.094813742273341044e-03 4.350747718513819917e-03 2.270589298409288539e-02 6.727373896937950681e-02 3.536646196528176606e-02 1.231139970440961982e-02 1.433311423824988780e-02 1.251339500270001390e-02 1.460903117326166518e-02 2.629211699338819194e-02 2.684077790387212614e-02 4.684779313967860764e-02 4.560658461154027538e-02 3.240253373844986101e-02 4.365715636890367748e-03 3.583743859158106115e-02 2.249068438057058583e-02 4.267885856375803755e-01
3.351983022928305741e-03 9.333876261328243051e-02 3.518880046523215944e-05 7.943588241664922139e-03 4.931954559666940942e-03 6.898810900729517460e-04 6.964119634528058954e-05 3.215304231192149531e-02 8.301353191689814660e-04 3.146940172956411760e-05 6.364104390256887234e-01 1.866008334542915148e-02 6.663511893685553078e-03 4.717607196234833468e-03 5.836154846427702575e-02 2.233477617579611950e-04 2.772975829589650540e-02 6.112892622466609865e-05 4.703755619388628496e-03 1.480222774272737032e-02 3.924371198092117645e-03 2.072973036577966006e-03 1.591465989817360954e-02 2.139986211634867935e-02 8.790912166097757195e-04 3.837647456585153993e-02 1.723513139789698348e-03
3.405020402441829436e-02 2.087146816950910533e-02 8.044903024831431132e-03 1.080209521990922739e-02 1.182595283893055375e-03 7.074080228518428957e-03 8.906296124012015245e-03 9.357689935021324887e-03 1.318301960565724899e-02 1.332449229143876923e-02 1.505296740802321634e-02 1.926500200565329363e-02 1.211517549734634006e-02 1.948068200252283527e-02 5.088402271916738807e-03 6.139218281197418303e-01 1.563378634454043806e-02 6.969457617889335266e-03 1.436717169557090619e-02 1.192173428995665398e-02 2.210998533010698902e-02 2.859587815695806973e-02 1.036691380270449853e-02 1.161095740644336669e-02 1.426150236719574832e-02 4.504069220381743538e-02 7.401019572403483987e-03
1.399017737319698494e-02 2.153536805358899006e-02 1.449527377419054059e-03 7.147371158957799633e-03 6.017035567119035332e-03 1.794412367332559252e-02 9.854187487938190215e-03 7.280454932645745794e-03 7.050066131006375685e-03 1.136013477417339816e-02 1.257298148441097878e-02 1.687811380432151578e-02 1.196695638424154738e-02 7.952191706133447668e-03 2.197276228949385235e-02 9.791702156371130672e-03 4.926474551648043487e-01 2.983308792358784281e-02 3.025917092518000742e-02 6.528140581888308702e-02 7.309857249968841966e-03 9.776257917141054077e-03 6.892423920156914852e-02 3.094832829133991811e-02 1.707255688609200101e-02 3.419071278631972965e-02 2.899377348077041006e-02
4.772806448815447578e-02 1.824867321066266437e-02 5.960318310099741584e-02 4.368402320065596818e-03 3.399909812541623833e-02 1.917899098761805671e-02 2.602185903180284990e-02 2.033773573909094731e-02 5.013938978732876417e-02 1.014951888287626419e-01 6.435248302801693625e-03 1.172749405106583709e-02 1.249374738191119799e-01 1.367455901816744777e-02 1.426257438033225579e-03 2.278244733634122651e-03 1.760452912535913003e-02 2.166222439031562780e-02 6.689216684367972621e-02 5.614296462783591873e-02 6.328566574359167918e-02 7.228010863332687275e-02 1.422224855422733573e-02 8.649520200272193746e-03 5.500089866215378265e-02 6.667878070827028270e-02 1.598102952825352155e-02
1.193172292041174906e-02 2.555010772874924396e-02 3.510944174051675026e-02 2.741624933848006013e-02 4.543530922287700169e-02 8.321832068274141042e-03 1.362226398929194116e-01 2.607550059000500117e-02 3.768043025484414665e-02 1.518734466517077629e-02 1.218743434310812224e-02 2.974748411385096450e-02 5.836690823410616014e-02 2.185615545534281071e-02 4.428489217957810517e-03 1.561431542876721285e-04 1.587651054684410118e-02 4.336861121913424683e-02 7.247396319215893001e-02 2.867477178942697338e-02 5.008757358245779362e-02 9.277809766004270486e-02 1.160991470949827575e-01 1.773362334120181290e-03 1.207749110131089466e-02 2.053869047376935542e-02 5.057858806485025088e-02
4.936735785985522582e-03 6.679804601253550023e-02 2.228431979562924600e-03 1.512121795504739810e-02 4.275056513772520356e-03 1.086129345379986504e-02 8.520398623825725659e-03 2.148469332787352609e-02 8.687343994006254191e-03 3.454771952380311043e-03 4.639018651892332645e-01 1.942894834643637061e-02 3.487798705614342243e-02 5.009698384513688613e-04 2.175853820023281038e-02 4.795620633768799706e-04 6.664623618054570098e-02 6.441365191965925038e-03 6.619156030905410347e-03 2.589214565200502992e-03 1.778928770751810606e-01 7.940072452833010080e-03 4.873993698886722875e-03 1.555592981820816054e-02 6.067199736303948918e-03 1.725285460532288706e-02 8.052403519827991711e-04
1.840178670445079701e-03 9.779126894345976928e-02 7.268311894627004595e-04 3.521614728227120700e-03 1.460735068098082193e-03 5.623033719776667676e-04 1.464013395726273571e-02 3.855620046926194408e-03 1.134262918989191286e-02 4.085409352652354716e-04 2.058428118502385101e-04 2.303802687089411601e-03 2.650710587474916155e-02 9.154509030715664297e-02 1.519551312130691363e-03 7.675908421419498856e-04 2.453549961483550423e-02 8.725781397216146595e-02 1.604717638045294326e-01 3.538660014778828855e-01 1.745149567734451818e-02 1.071250949286063799e-02 3.858635012474885551e-02 1.498414743548990256e-02 9.515418436157088407e-04 2.753312645177261736e-02 4.650910168623836535e-03
2.132841836311112280e-03 1.843093031965092193e-02 1.715099806287037013e-03 7.887004841665358479e-03 6.228072031179505974e-02 1.414716961675881179e-02 4.129140652726532856e-01 2.542264846614580766e-03 2.534731607050849309e-02 1.448075071437718991e-02 2.053923257914873519e-03 1.882974262085444208e-03 2.240896603411428670e-02 1.842591757142256204e-02 4.283088500808889150e-03 9.529075779377003984e-05 1.676537995628161679e-02 5.536773489502419543e-02 5.976276561981527791e-02 4.777780712217801623e-02 1.034643711820045810e-02 1.055753232258499312e-02 8.396761865089767685e-02 2.131113019088405960e-02 2.467303551580765988e-03 1.850037369358790984e-02 6.214759285820346119e-02
4.338311033740374634e-02 9.147994667524571299e-02 3.835595387455399685e-02 5.115852935714214345e-02 2.398256708806831977e-02 2.070669498367942729e-02 7.935021539659135870e-02 1.362035941983756084e-02 6.515336550383803160e-02 2.044809915023702157e-02 2.835502351086861481e-02 1.035221203973724427e-02 5.857539920697339003e-02 1.564078430959631519e-02 5.955773535317750340e-03 1.829565937624781429e-03 1.749553800298123130e-02 3.548787700357414893e-02 4.622281077345816863e-02 3.214169352943140739e-02 1.127408940784264679e-01 6.129720288384300775e-02 2.362533307404387009e-02 1.061213725819110457e-02 1.061645603335010200e-02 1.381184427546632530e-02 6.760061276051884671e-02
9.459351380570303960e-03 1.127180703116776282e-02 1.751349136181872684e-02 5.389522314262673933e-03 6.207002467322768249e-04 5.277090215476559244e-04 4.636174804575846076e-02 6.025938732391574251e-03 1.902937720343002639e-02 2.607368315140161028e-03 9.491923314026620012e-03 1.324103130612788032e-02 6.282059656536012615e-03 1.002173991270659086e-02 5.602500292131142251e-04 5.894076124012594953e-01 7.984638709792034675e-03 2.150284732852534002e-03 1.017658882999813476e-02 6.339686550894665582e-03 2.519771539329645690e-02 3.436966407659265699e-02 1.161477434066993455e-02 3.213124276473232907e-04 3.409791102999691799e-03 1.499138373855569972e-01 7.100761770102493632e-04
3.072237377725349841e-02 7.081575536908797479e-03 4.871967598165564961e-02 1.047696713439603793e-02 3.450453590893387545e-02 1.987326251811132038e-02 5.450771125803643286e-02 3.763744587950539067e-02 3.593549244093885431e-02 9.996661932165826214e-02 1.790998506269941490e-02 4.024317924118499951e-02 4.156567370963608343e-02 4.560528426571305166e-02 9.978616045025629974e-03 1.018637017124715896e-02 7.061907317397518938e-03 3.205072069055689421e-02 3.030490569623881317e-02 1.392435186723247134e-02 1.841115205773402944e-02 1.439670419568830073e-01 3.343596714464976138e-02 1.280466412594773000e-02 4.237913930403093554e-02 7.319317740008100814e-02 4.755220418634335117e-02
1.918485521376673067e-02 2.210266079760234842e-02 3.569972261860823726e-02 3.886892973957234172e-03 6.560646762874659983e-03 2.585225111313809235e-02 2.839730196243612712e-02 1.575164334631664470e-02 6.239717238112031661e-02 1.044158512729049942e-01 4.593943749899123338e-03 5.190839867578810052e-03 3.607676216007245362e-02 2.726317907726323944e-02 2.281981804226292099e-03 2.610927184530448253e-02 2.751996257154664186e-02 4.704721850901884272e-02 7.371873299468373331e-02 1.359630394049179403e-01 4.473123709846098944e-02 9.485590577329255924e-02 2.147027590104660932e-02 1.538219672513782901e-02 2.788845337454301868e-02 7.381300743946449250e-02 1.184499326081756530e-02
6.801579416324751888e-03 9.803347287051587811e-03 4.687125471272552552e-02 1.117574990162218188e-02 1.401166819798803712e-02 2.379568984400327880e-02 2.830684434855027312e-02 3.746241187350975860e-02 1.550760392367577303e-02 4.419157230672797476e-02 2.144945038988539318e-02 1.465859447217239368e-02 1.140428241823014111e-01 6.271197882816079150e-02 8.471526516290156517e-03 1.399234847932518538e-03 1.005142604716436315e-02 2.490279349085573052e-02 5.061776793843313083e-02 9.264266274876140073e-02 2.004723464618123410e-02 1.433662565490733121e-01 5.566581721683465378e-02 2.595285272381059674e-03 3.432735919288471688e-02 2.115364858038920950e-02 8.396841726811928031e-02
2.660117451952994164e-02 4.353604020972347190e-04 3.303631941249081383e-02 2.157147023705112843e-03 2.811727703041175274e-04 2.019253081005459652e-02 2.242664935677247950e-02 1.120969496769768335e-02 2.032243772518388218e-03 2.160164628854985020e-03 1.297692784157074113e-02 1.532353784974481437e-02 1.284398987878657833e-02 7.488404725132727022e-03 7.117603129686054242e-01 1.343592167684822848e-02 6.644232920318257282e-04 1.404884368185056395e-02 3.996393948397137727e-03 8.135719517707305001e-04 1.036030022265311754e-02 1.067422314589903422e-02 6.977673450994713138e-03 1.618808661177045805e-02 2.964950697822309536e-02 6.804679211289683775e-03 5.460744900405768189e-03
3.819833464410284790e-02 3.018525579096216147e-02 2.433019723890331165e-02 6.264683913605431816e-03 6.958524685672850749e-03 1.343182765579698651e-02 7.732810811930901362e-02 6.253392095457281641e-02 1.180770552897341952e-01 3.721299776139410515e-02 2.529244800936145468e-02 6.113408945666196775e-02 3.257263210494667355e-02 2.870349230870459373e-02 8.310792780695217680e-03 7.485605836617004183e-03 2.272154474564431342e-02 8.068587913857334926e-02 3.052425439684369399e-02 1.045435143504586280e-02 2.363105059131284311e-02 4.863177610911262327e-02 4.756543350305832141e-02 2.620111602596431142e-03 2.342494161175295506e-02 1.067825879389292104e-01 2.493810237608973593e-02
2.437083101786072584e-02 2.100502443064712274e-03 4.534218406319795100e-03 1.563162062151408210e-02 3.125217304546707570e-02 8.652680509407022691e-04 2.452926285825904199e-04 4.377335192600206176e-03 3.100712560947457494e-02 9.106666532827395076e-04 1.843847236177827316e-03 1.309668351099230466e-01 2.313566680892427917e-03 9.748013769509385282e-04 3.749921123898631616e-03 7.624913702947821136e-03 1.895419304728700877e-02 1.826411936166423555e-01 5.278351779216078300e-04 2.821654854893680740e-04 4.233450642472609271e-01 5.165576126112986655e-04 9.212186418672686609e-04 5.507720406212815575e-04 5.714653065961112534e-03 1.032968492893900220e-01 4.805788750499192488e-04
3.242608003832142625e-03 5.769555465522035846e-03 6.151754750678881806e-02 6.804882783412692648e-02 1.809865758421068394e-01 3.281832085458340968e-04 1.128753213510952542e-02 4.440505470833133739e-03 9.548447766918456529e-04 3.907742406619977779e-03 1.205378131864932693e-02 1.902800607253030130e-02 1.126781684655040264e-02 3.469283669070514359e-02 8.667202725647429884e-03 1.585353245483632403e-04 2.635109769375922409e-02 5.478396104090986441e-04 1.840251432020913874e-02 2.058774585459773043e-02 5.030168446550287858e-02 2.688427704710320484e-02 6.997002060402945922e-02 6.912747845944511174e-04 1.998186765931555739e-02 1.411250525313538290e-03 3.385183258063575451e-01
3.217402121982417262e-01 5.039048690730831871e-03 7.828248600717971351e-03 2.856335909056225211e-02 9.017158774211816996e-04 2.944466697491034731e-03 2.124482537330560871e-04 6.848431036729917161e-03 1.530954634201405699e-04 7.046642187737616782e-03 3.054959140943776588e-02 7.912120879916207522e-03 1.445287673277621809e-02 1.038071860354730820e-02 2.281886289295232198e-02 3.132002436588005034e-01 2.719578032605078199e-03 2.702471493233524896e-03 7.036263435110392227e-03 3.296389189088120425e-02 1.218232633706586680e-02 2.541094276827421394e-02 2.465300082877904322e-03 1.220636164116411550e-02 8.983060419261916507e-02 3.163153670068916817e-02 2.586411512632749558e-04
2.757131645090836816e-02 1.158313679006756601e-02 7.468394487165735951e-02 8.241186813688596707e-03 6.511860676633013899e-03 3.212603527358282030e-02 6.102598927764329995e-02 5.590815847408819872e-02 1.262615360101963964e-02 1.705168768082966288e-02 2.743395824441112810e-02 1.456545626679358815e-02 1.362087154527622246e-01 4.191563545775384148e-02 1.310702932700121177e-02 8.775737739240197302e-03 9.137790321880437036e-03 1.315967146374579823e-02 6.526924017361647457e-02 5.312244876045311287e-02 1.749549348133249554e-02 5.999075541083929985e-02 6.430015983871650853e-02 1.217514728131667426e-03 5.461125894933773622e-02 9.835696026621654209e-03 1.025239684472442209e-01
3.833292434256119902e-02 5.569334759551378394e-04 2.311372714150932740e-03 2.389705840528083547e-03 5.319051310489777418e-01 8.668763955156673709e-03 2.247576669360581113e-03 7.284469714733353245e-03 1.529669757322223806e-03 1.356012756789518048e-02 2.123151576823539485e-02 7.798950240210426009e-03 2.894711331597871889e-02 2.766296161976925048e-03 6.136357124558398241e-02 6.569581463844051340e-06 2.086878711668070738e-03 5.412446366374360981e-03 3.284709922383802216e-02 2.639602443975840908e-03 1.173901789382683983e-03 1.232775550869781925e-02 1.982656801881125044e-02 1.639424734059694855e-01 1.872904755605953042e-02 7.223780307031127910e-03 2.889755268101528753e-03
9.703370322795059136e-03 4.174121650095354019e-02 3.585922759626054140e-02 2.335195346413243209e-02 6.160776883924725528e-02 1.487919523492728380e-02 5.678336763237105261e-02 4.351829343752299656e-02 1.242971250915218817e-01 5.166757063008528203e-03 2.319916849184091093e-02 2.556392058248581345e-02 1.261538685430535767e-01 1.063179060055278666e-02 1.379338356490832605e-02 1.341447682153982179e-04 3.106708648789823293e-02 3.752226287171357005e-02 2.638723960864396492e-02 9.542478006068578003e-03 1.183118175742066264e-01 3.511383918118103631e-02 6.305695853866422063e-02 1.546585536592484265e-03 6.110802348185210946e-03 4.722984259222622917e-03 5.023339385382618455e-02
