2.036169726870189906e-02 3.810185377872446488e-02 2.683357381864891894e-02 2.505030152349024819e-02 4.085617287630768230e-02 3.072085693333583348e-02 5.615358228677292535e-02 1.495439850468792062e-02 5.453286655832268598e-02 1.767215650056684975e-02 2.557078474010646488e-02 2.503412252334271879e-02 4.587108272853828578e-02 2.263879461725393227e-02 5.201188119174678798e-02 5.464737559076334600e-02 4.754087842371476635e-02 6.715221925169771733e-02 4.093958395385088878e-02 4.766070117937000472e-02 6.350905134491412196e-02 4.822676631421152216e-02 1.737590804335511011e-02 3.975515508458258435e-02 3.707233698694766683e-02 3.975589797604462544e-02
2.032079531978250170e-02 3.797306916679650535e-02 2.821420616942914295e-02 2.424713142971103574e-02 4.003149982192542172e-02 3.103829779600027552e-02 5.881041270923714065e-02 1.484771962097316059e-02 4.403769289557990518e-02 1.744742311598911771e-02 2.509103216312030468e-02 2.443390542194068260e-02 5.298029059238380106e-02 2.362767311834973460e-02 4.720389804278445761e-02 5.786311135714943682e-02 4.501142319914593071e-02 6.927006335449431562e-02 4.380218388896240517e-02 4.870492186219017167e-02 6.057396361975022486e-02 5.399793211069728316e-02 1.747560567404511656e-02 3.653631571685831553e-02 3.508502720501095046e-02 4.137440462769272770e-02
1.968430504904575620e-02 3.629139381059912073e-02 2.786924841762645697e-02 2.435173746672580561e-02 4.043899704027508618e-02 3.056147388706438595e-02 5.273232159633022692e-02 1.414241730150121376e-02 4.400461763140490340e-02 1.661129392065360463e-02 2.436061982849335728e-02 2.537125196058503604e-02 4.563799774877455584e-02 2.232373500866791094e-02 4.453976411832463733e-02 9.898389160908700746e-02 4.303094864327019348e-02 6.808375557833901137e-02 4.204509957312018570e-02 4.611639210234470126e-02 5.417713540042385506e-02 5.385308393018910234e-02 1.677966345058339373e-02 3.609436853373863135e-02 3.380328845647584401e-02 3.811119793635596442e-02
1.948561372280137316e-02 4.172706172605971514e-02 2.648481538051456266e-02 2.577985344715992902e-02 4.125792699480657078e-02 3.170007143712190445e-02 5.608867851430873047e-02 1.488758416248235628e-02 4.753593940148261032e-02 1.692114914928392541e-02 2.496067491935321722e-02 2.659044827852770354e-02 4.820430115840354524e-02 2.257128858988402542e-02 4.978618272017584778e-02 4.971136509279636823e-02 4.854127448995259470e-02 7.211097427568355367e-02 4.208627664092186305e-02 4.831510655873209187e-02 6.072920992048017053e-02 5.296021068672537163e-02 1.715161212608139196e-02 3.909309750211228257e-02 3.399023143933642410e-02 4.132905166481191245e-02
2.098237737914570786e-02 3.690042343810460285e-02 2.710119141490885744e-02 2.858092497600077386e-02 4.091039627309422944e-02 2.942795813609674557e-02 5.629407237781015871e-02 1.444852163339972566e-02 4.869977586735031727e-02 1.859200784643256707e-02 2.541314544057841560e-02 2.518425976045123374e-02 4.955717703589407330e-02 2.326579517013234455e-02 4.921653655019183476e-02 5.896012144244437009e-02 4.480132954487339031e-02 5.885759171193889749e-02 3.982285688683975811e-02 4.494550591981861382e-02 7.221182068694644018e-02 4.526915927921262156e-02 1.682807215204879664e-02 3.703690725629071867e-02 4.345037880605068237e-02 4.324169301394411441e-02
1.954601371522863770e-02 3.840402923425961096e-02 2.787482657941376882e-02 2.485110623315027120e-02 4.384012158072442267e-02 3.055578719549274791e-02 5.597600391944035358e-02 1.457557600090765744e-02 4.456569444360678617e-02 1.689557325877920693e-02 2.655538060734032035e-02 2.456175549461911412e-02 4.746429674986706038e-02 2.294896755266995908e-02 4.735730786442811369e-02 5.252581702316008044e-02 4.408445560544515390e-02 6.904923800918830179e-02 4.443893493956947022e-02 4.930849095093153833e-02 6.783302098579067907e-02 5.623601310383614243e-02 1.731225839768449695e-02 3.668521868975907485e-02 3.525490322917403802e-02 4.129920863553293575e-02
1.970074854158053446e-02 4.155880969317399948e-02 2.683782717078328495e-02 2.626883306528396064e-02 3.979414830103618350e-02 2.991042023142110803e-02 5.629215738768899441e-02 1.454058860057720268e-02 4.797916248434463266e-02 1.712864862871664798e-02 2.499459210743035578e-02 2.441833583364102014e-02 4.569608676567361860e-02 2.225605367934395742e-02 4.841979498732741638e-02 4.809902152799434144e-02 4.718368763826313178e-02 7.413593996763610805e-02 4.170696807741712531e-02 4.750661804960222556e-02 6.289492303669383388e-02 5.088631666173069196e-02 1.696989223542648070e-02 3.883607529402512137e-02 3.428829333741238716e-02 5.169605669577563567e-02
1.975769046189854508e-02 3.778165630417144177e-02 2.659785213190715356e-02 2.576625885538444752e-02 4.079523507758273798e-02 3.027430906869820262e-02 6.439295910742492968e-02 1.479594896982137052e-02 4.783017529182893857e-02 1.722909345668964531e-02 2.612011686919884709e-02 2.551006285337681714e-02 4.698128037045603417e-02 2.157532665548458906e-02 4.876511529737258266e-02 5.366040790715793235e-02 4.662031801455188834e-02 6.689625163823569032e-02 4.120508835798343539e-02 4.643023306110082710e-02 6.198400827727482826e-02 5.014982266944714717e-02 1.725880620499052262e-02 3.899006746644026467e-02 3.866302420533866691e-02 4.396889142618235630e-02
1.906206537356309322e-02 3.740327385024096868e-02 2.859238233951982150e-02 2.356098812954554936e-02 4.324037274849643064e-02 2.951529278238505458e-02 5.491025531441932894e-02 1.418851475625823415e-02 4.722392171673988476e-02 1.697142267722805131e-02 2.556086147864171376e-02 2.540733981338173797e-02 4.595065352365264311e-02 2.241193199078860693e-02 4.779651143859958012e-02 6.029952753447704455e-02 4.483822667317713395e-02 7.156855787218652232e-02 4.631906486114147070e-02 4.791902881175005846e-02 5.466645915308120801e-02 6.434068974886819614e-02 1.710888304375773189e-02 3.522843296333554725e-02 3.675858788355488432e-02 3.915675352120953634e-02
1.965214772607754012e-02 3.736581757549147648e-02 2.854170458343437480e-02 2.408657996775276020e-02 4.036661514039976972e-02 2.989351393544549887e-02 6.250847111308710513e-02 1.461657079477717870e-02 4.677019170071181758e-02 1.763021747450844307e-02 2.376444709306905351e-02 2.417063003794621759e-02 4.437234700496760914e-02 2.243840168107573071e-02 4.846933208792751635e-02 4.959044208934538372e-02 4.953594330904564219e-02 8.419510989829691316e-02 4.237155142345695735e-02 4.547696575233933780e-02 5.778227633076906539e-02 5.051934246780025173e-02 1.713976374342130599e-02 4.031401611113161892e-02 3.484535533713582767e-02 4.358224562058564400e-02
2.060428911278100114e-02 3.875952387787050951e-02 2.922961131143176142e-02 2.439157907627282837e-02 4.138649717614237278e-02 3.031628281595435265e-02 5.799233179241697345e-02 1.478957266201055658e-02 4.732587249218297987e-02 1.771114796745209066e-02 2.799875334951054673e-02 2.483670393882021765e-02 4.794485692793716558e-02 2.323408919632554206e-02 5.194615782223266365e-02 5.572461753688143227e-02 4.742523634989290193e-02 6.684421978516917606e-02 4.184452220463147354e-02 4.940414902836837152e-02 5.797073666289415117e-02 4.710099897542007613e-02 1.724624011233305901e-02 4.083104263530401568e-02 3.621911508627417148e-02 4.092185210348957963e-02
2.037158585368163688e-02 4.020179457458717548e-02 2.749525621881446918e-02 2.748201525311726873e-02 4.305876276163203564e-02 3.156919112366095292e-02 5.761421107334439157e-02 1.442813223558421683e-02 4.506185086939298173e-02 1.679044388849287514e-02 2.918925329289944609e-02 2.528256581651061596e-02 4.697522160524433832e-02 2.262429886958617492e-02 4.504350110831486370e-02 5.049318726906954630e-02 4.353168888112526891e-02 7.165778021563433409e-02 4.254388828252472082e-02 4.975026465382029195e-02 6.520429720733436629e-02 5.457121801979053499e-02 1.738928742151729656e-02 3.708032916788304989e-02 3.290248986367977357e-02 4.168748447275740648e-02
1.980392805161408296e-02 3.716575449675193349e-02 2.689066275680097526e-02 2.476055259194429384e-02 3.912145781763048946e-02 3.075167385199180370e-02 5.424360924458453831e-02 1.450030041541428179e-02 4.392498660942258798e-02 1.655104747480318217e-02 2.453810701774068390e-02 2.501099509739369842e-02 4.443618786261101239e-02 2.240546381439714740e-02 4.441121943783981479e-02 9.686196307217528889e-02 4.466850231787502373e-02 6.780200440775682735e-02 4.149158079486368889e-02 4.580771492876156703e-02 5.589352460084764246e-02 5.260379192046908681e-02 1.693771283076028061e-02 3.716526652806984021e-02 3.356392836739326840e-02 3.868806369008678109e-02
1.986150935335786322e-02 4.137437558867818749e-02 2.782388799883646346e-02 2.755571487714220461e-02 3.993205817023048887e-02 3.178597578218483877e-02 5.759524646254065433e-02 1.437097684328550624e-02 5.079548561657040717e-02 1.726068357840630785e-02 2.487899329560303019e-02 2.601547558431022145e-02 4.576949770640799386e-02 2.216298339892964694e-02 4.567444389401489890e-02 5.416293637416336182e-02 4.608452724191740291e-02 7.622854809970852630e-02 4.227459789092725267e-02 4.612176206395644795e-02 5.589601344127525379e-02 5.525006082208563235e-02 1.709658806022979968e-02 3.659225712132212205e-02 3.669998481667738344e-02 4.073541591723809502e-02
1.850244527176035311e-02 3.561299627837175713e-02 2.573326169112726339e-02 2.338055786222650173e-02 3.726748470935048463e-02 2.794646408939836790e-02 5.120983415556306512e-02 1.387366013948989132e-02 4.480535250436095546e-02 1.631651647048484172e-02 2.269803048497442272e-02 2.321961559390349483e-02 4.193494475149907308e-02 2.051954554646317000e-02 4.619108556195530846e-02 5.002164137649049713e-02 4.446739835584799516e-02 1.534005763815697865e-01 3.846203689069111614e-02 4.347350493336884364e-02 4.876053227309580518e-02 4.662352669284105383e-02 1.596289270374904104e-02 3.701998369727608346e-02 3.366260289949333379e-02 3.893350868464738601e-02
1.985752788287371839e-02 3.923179580490616936e-02 2.610677421368472195e-02 2.762375825782522124e-02 3.851423451566885620e-02 2.989584076815595542e-02 5.961192736471528086e-02 1.486751824185803504e-02 4.742070663892747340e-02 1.710435909164054191e-02 2.538958583497997676e-02 2.667036706943641533e-02 4.341992458290065693e-02 2.229795274108361050e-02 4.636753737061900804e-02 6.093009740507594058e-02 4.721361948864364472e-02 6.740090869942727547e-02 4.170307823184012108e-02 4.520746549957665311e-02 6.315808910845543966e-02 5.455972853403236872e-02 1.694821804415359151e-02 3.782435684986616004e-02 3.656153394028720943e-02 4.411309381936603935e-02
1.849917885699842515e-02 3.267380567899189764e-02 2.520883329858778638e-02 2.237916820155891676e-02 4.687076890617596081e-02 3.021827296388500048e-02 5.104729922818274784e-02 1.475739977224960198e-02 4.098491468544709221e-02 1.608605920553490137e-02 2.373392413971070480e-02 2.469551200572651234e-02 4.053137944662846270e-02 2.224428812732079722e-02 1.048033685785591945e-01 4.578914902651904512e-02 4.039359807895444993e-02 6.507461130845892949e-02 4.525525242227863149e-02 5.468187899027637106e-02 5.133673713349005963e-02 4.340958364215936893e-02 1.730916874104970749e-02 5.702516065803977380e-02 3.029183952378148442e-02 3.469884737943421810e-02
1.913666097781854813e-02 3.737279992735798723e-02 3.010610057900917416e-02 2.342601227104112310e-02 4.063997404485557990e-02 3.228762786603114193e-02 5.386403650875720012e-02 1.388929022035448844e-02 5.008227929939908230e-02 1.646173309718839545e-02 2.563485709141942459e-02 2.509262016677371934e-02 4.520554414735707821e-02 2.162462422140968427e-02 4.007805349629807445e-02 5.803892816958693135e-02 4.015777005391899662e-02 8.257334622639903032e-02 4.939474488565673976e-02 4.698461492348505325e-02 5.202276850003883374e-02 7.115421811753419590e-02 1.741209580987903779e-02 3.281123646596452448e-02 3.650508183494134695e-02 3.804298109752465157e-02
2.171950556024290074e-02 4.413981560757181816e-02 2.677610299904894034e-02 2.858118196599909039e-02 4.212818716468052366e-02 3.242948902047688292e-02 5.944785820995032721e-02 1.468568906212130813e-02 4.494253687083282073e-02 1.746050001948499381e-02 2.429925716292727356e-02 2.744752046344459129e-02 4.759410057794437321e-02 2.231779505246046444e-02 4.724381793807873320e-02 6.498540591786806930e-02 4.712588577710635773e-02 6.525086331698350117e-02 4.012476663816576250e-02 4.714829014335000096e-02 5.822193305899737298e-02 4.474336370274754199e-02 1.705519200519289152e-02 3.965571184348883754e-02 3.381652422253848822e-02 4.065870569829604930e-02
1.937973704360649099e-02 3.744778784841640978e-02 2.856469751426647663e-02 2.430447090092761192e-02 4.100428636712481062e-02 3.035850875633129553e-02 5.463343787843919636e-02 1.451006136261715276e-02 4.615714836235945001e-02 1.680479205600871745e-02 2.513436264021454494e-02 2.471175419614359686e-02 4.785917482148880492e-02 2.272048165333282604e-02 4.578506004993532219e-02 6.001494628921564406e-02 4.421847822442108444e-02 7.381562477022317326e-02 4.543405286421668687e-02 5.024290544288835536e-02 5.553187194557488576e-02 6.108644789443228029e-02 1.751299883756024175e-02 3.585628475839539725e-02 3.676434944632418766e-02 4.014627807553534239e-02
1.915403682218805650e-02 3.750327120033306733e-02 2.877293234763000224e-02 2.311264582525949032e-02 4.060517046434683475e-02 3.052174946568778774e-02 5.135823631221566460e-02 1.379365745761781427e-02 4.259867211662298619e-02 1.605775216793683957e-02 2.530374195689864131e-02 2.321254928081849592e-02 4.583457513360312402e-02 2.198048678288236357e-02 4.207440031552397985e-02 4.928314456671418348e-02 4.042772689719389273e-02 1.138041962522778477e-01 4.714250835500988918e-02 4.935803679652764342e-02 5.330265034112480205e-02 6.174532250908126157e-02 1.725372967620029258e-02 3.325799450315890943e-02 3.278006840210142409e-02 3.976074405104478016e-02
1.800500391424871699e-02 3.550420576225787189e-02 2.484632452698407046e-02 2.221075454234326327e-02 4.047539013159763555e-02 2.719220452934381291e-02 4.719438881430048499e-02 1.376751571865534630e-02 3.978387295005976487e-02 1.580418786060276345e-02 2.278294376165889562e-02 2.281199382638619474e-02 4.006382801932079074e-02 2.084769410614103688e-02 1.538873445704040388e-01 4.351139275271353329e-02 4.188317863132440949e-02 5.922788257733433565e-02 4.333558526427095520e-02 4.909845314503925168e-02 4.797516497083445519e-02 4.261006244998687131e-02 1.613288166199447482e-02 4.277106166992918068e-02 3.098557614420283102e-02 3.729110769806504022e-02
1.922771617091512814e-02 3.724537767512319658e-02 2.690132367832650390e-02 2.473570534491664752e-02 3.945939878017430680e-02 3.066374713433223098e-02 5.403241041070971917e-02 1.466046382341394498e-02 4.930567429785567141e-02 1.711975773914137938e-02 2.464726254664376115e-02 2.522551755179657657e-02 4.458330693727753646e-02 2.181509531484719655e-02 4.646698240426714449e-02 5.412198351910408461e-02 4.637133119720673879e-02 9.341828075233937767e-02 4.005517315548189072e-02 4.378983964160832604e-02 6.117413674667492030e-02 5.317122176921797866e-02 1.673438621655698455e-02 3.795728027830286289e-02 3.757006215669096011e-02 3.954656475707479801e-02
1.971956983363541693e-02 3.808289618715490071e-02 2.918983758667175604e-02 2.468105285885034000e-02 4.208896851870475020e-02 3.182807967607050731e-02 5.283459302160795068e-02 1.439796244149239672e-02 5.428595168895266471e-02 1.711779598796998522e-02 2.584496819216368715e-02 2.407994772075080711e-02 4.619989035929875087e-02 2.235045994764384147e-02 4.471889468500356291e-02 4.995594531631643992e-02 4.604811121999525386e-02 7.455800328874596927e-02 4.083444495901260296e-02 4.587356345613829989e-02 6.670887747065219753e-02 5.454083185828838276e-02 1.697443280905434546e-02 3.732480382849233391e-02 3.593748737405470101e-02 4.382262971327837570e-02
2.081848705169259475e-02 5.050673051637911276e-02 2.675759993436387790e-02 2.967536774204145369e-02 4.190171660806674830e-02 2.967271614982674305e-02 5.911977989440133502e-02 1.476158140410240537e-02 4.485164518945450318e-02 1.736105482797068930e-02 2.477951060246083234e-02 2.574554473202433219e-02 4.534848478358707857e-02 2.251009976428489448e-02 4.965636546556718295e-02 5.243783901009811677e-02 4.885359475411653329e-02 6.948984886370553060e-02 4.082154727763501190e-02 4.697867283386795295e-02 5.833018934578671627e-02 4.481231946274974454e-02 1.693375695254201868e-02 4.064083085572373077e-02 3.506556960984564403e-02 4.216914636770513480e-02
1.846679938731866574e-02 3.388734904154453581e-02 2.578834924010138877e-02 2.278209187606083236e-02 1.069323634085504876e-01 2.771587042194723766e-02 4.685052731563514594e-02 1.411817750622993903e-02 3.999239980805724404e-02 1.649299523543736393e-02 2.307680944707807616e-02 2.423830131099034141e-02 4.347471739698566956e-02 2.208101976948725897e-02 7.271537084970947085e-02 4.841144227121826904e-02 4.291161193619686537e-02 5.703728610919382019e-02 4.202773060000416366e-02 4.815515550117378113e-02 5.059141530083273441e-02 4.146706661762938201e-02 1.635654398377977756e-02 4.654741528200657952e-02 3.118774378450403506e-02 3.669344659832690647e-02
1.989042968946749812e-02 3.780006339147420902e-02 2.767883500215421316e-02 2.487758062840664600e-02 4.069725596144024155e-02 3.029475478540932104e-02 5.858870253951211499e-02 1.478806094579607905e-02 4.902596873101854741e-02 1.752634054123934637e-02 2.538559827094941795e-02 2.552696094217096062e-02 4.558980650769468845e-02 2.274751798235020300e-02 4.989497470093299386e-02 5.765854535850747919e-02 4.680073307520402764e-02 6.589572606012922273e-02 4.230377329472796710e-02 4.721239518630404586e-02 6.045602386123778010e-02 5.330306062787531357e-02 1.707413898911330774e-02 3.851463854636443668e-02 3.954846200152521002e-02 4.091965237899464897e-02
1.994265983097083875e-02 3.824533484565690450e-02 2.873148806480092451e-02 2.351072107062793584e-02 4.241100942668129398e-02 3.689060963169956547e-02 5.561720017061867055e-02 1.467662059448019383e-02 4.647400786737300449e-02 1.686102855371390125e-02 2.537807455103581120e-02 2.469468169287101361e-02 4.981623937653085338e-02 2.306433605727544259e-02 4.512749366886625868e-02 5.205660227373790777e-02 4.449085995062463522e-02 6.964450947890676868e-02 4.352070149743238192e-02 4.804998132487917073e-02 6.356416104591854077e-02 5.712904687962881700e-02 1.760632577028782564e-02 3.788362426133945471e-02 3.410359559353998149e-02 4.050908652050188435e-02
1.964184948049542065e-02 4.240794427414869283e-02 2.698731566666918991e-02 2.496939538400670677e-02 4.341797575203779763e-02 3.023241178030979318e-02 5.619213388774738083e-02 1.478998615481070568e-02 4.896617967802623789e-02 1.709982289599421695e-02 2.461131704760179811e-02 2.537179025103003180e-02 4.657790477790477168e-02 2.308616609991719776e-02 5.189749466316146559e-02 5.176966636345187861e-02 4.834524933476489622e-02 7.081209472167845909e-02 4.131662093562738641e-02 4.711047580340301660e-02 5.915240002197156427e-02 4.709067073956978849e-02 1.699799338164291462e-02 4.430176784549146041e-02 3.462247320479041462e-02 4.223089985374679084e-02
2.038171013144165350e-02 3.789389164587893266e-02 2.761735163073604504e-02 2.541573257508013273e-02 3.927112818905036107e-02 2.943023800118134761e-02 5.471340366536403543e-02 1.441266220246764651e-02 5.010319535100671989e-02 1.785911181657199795e-02 2.434147925453273090e-02 2.459564231878662993e-02 4.508287863639278553e-02 2.145759307643235400e-02 4.707046033515969313e-02 7.194227498263169873e-02 4.578512460037879872e-02 6.745917692171786439e-02 4.111420365509900476e-02 4.456444376678585922e-02 5.685942078532253696e-02 4.976446547284957972e-02 1.694993880341234826e-02 3.752976703074385745e-02 4.977650747100183237e-02 3.860819767997356045e-02
1.948528073634900326e-02 3.764999120362162027e-02 2.693952670443509889e-02 2.572930636615683095e-02 3.882438219928970036e-02 2.968408638248217976e-02 5.496408628849695083e-02 1.472699447460592594e-02 4.948506715003763573e-02 1.732674068593358790e-02 2.502849656034072598e-02 2.513929629697424922e-02 4.447661292747326356e-02 2.223476388932203382e-02 4.728497742449642993e-02 5.855522207463432355e-02 4.790655134521260711e-02 7.126698958877762669e-02 4.067954282421133716e-02 4.454259183443661646e-02 6.679191035950801658e-02 5.962379757596751595e-02 1.692382022340443298e-02 3.797166873120419450e-02 3.713742809564134911e-02 3.962086805698680769e-02
1.864805524271305470e-02 3.575851967052171704e-02 2.614622298937516534e-02 2.323462419374860283e-02 3.851316510387386982e-02 2.848749741450564213e-02 5.039675444951178390e-02 1.398230445170530606e-02 4.348861289527989477e-02 1.620343224645681007e-02 2.320509612363471502e-02 2.326356664033048596e-02 4.261091834714937632e-02 2.089253450362131559e-02 4.504195708138315074e-02 4.961948958081950634e-02 4.359445669417067598e-02 1.494856666349535512e-01 3.960425636115180031e-02 4.441060306862239238e-02 5.025000111528937774e-02 4.859197907161335456e-02 1.624862740815741571e-02 3.666169706488627694e-02 3.286699106440657547e-02 3.879297058211803734e-02
1.945170822628688664e-02 3.721344815200704897e-02 2.894975156733951491e-02 2.444696057005651957e-02 4.078460112176584412e-02 3.115831809951790168e-02 5.884548109919943842e-02 1.468164017696164600e-02 4.632024011042032430e-02 1.700951694458339991e-02 2.745834262561793956e-02 2.393057416106905352e-02 4.608954716492580372e-02 2.311498479428210698e-02 4.445159200663109655e-02 5.057888228123191832e-02 4.292814603178879418e-02 7.599306666352947937e-02 4.438464779846905406e-02 4.727298908312592418e-02 6.499185939275342605e-02 5.966952402892337221e-02 1.739960548754976646e-02 3.563804330508184987e-02 3.642032020387225844e-02 4.081620890300973609e-02
1.876106587364633621e-02 3.582112356034778539e-02 2.508919980173234324e-02 2.339556500225136587e-02 4.155581591166764704e-02 2.784797172142161256e-02 4.922358678385563985e-02 1.417409083309983941e-02 4.181824519488188535e-02 1.636480550686804716e-02 2.309921435873314721e-02 2.346666626152092705e-02 4.204352785130079095e-02 2.092756443327692395e-02 4.772558302688308801e-02 4.851608550498578976e-02 1.333079000260723734e-01 6.402199450415922699e-02 3.861296406451349139e-02 4.423272691629638598e-02 5.114313580419058147e-02 4.300731192462400182e-02 1.626874434468338418e-02 3.890462118909190914e-02 3.227038112237742146e-02 3.840010847751812451e-02
2.031107425266985914e-02 4.006396012428919268e-02 2.680954839815562901e-02 2.814870170217367504e-02 3.835910300536309048e-02 2.995784615024432024e-02 5.775789252144123559e-02 1.441637824917179830e-02 4.785528437544279978e-02 1.746280295526624060e-02 2.379359653011385925e-02 2.531586266151071921e-02 4.507318279986746723e-02 2.299023386334131044e-02 4.696766511764318558e-02 7.515384487264276103e-02 4.715029316813522386e-02 7.271247409504787151e-02 4.125608303951212863e-02 4.544721304251411048e-02 5.359794338264381452e-02 4.790471717960258918e-02 1.670084724043298385e-02 3.756746135245953022e-02 3.751583427446100738e-02 3.971015564585361063e-02
1.812845734673972434e-02 3.431178490925081842e-02 2.413029213887985316e-02 2.254788183671592797e-02 3.714542604405074444e-02 2.672343620478400197e-02 4.684872363864924644e-02 1.373289546409049884e-02 3.991183381692626347e-02 1.583488508320794047e-02 2.226738873134611468e-02 2.258977924173376575e-02 4.012166161195609287e-02 2.017904554322754590e-02 4.309671129874525358e-02 4.622417899573641464e-02 4.316437566384966756e-02 6.065363535865289646e-02 3.668954717088596107e-02 4.181040604615272882e-02 4.868436482920176361e-02 4.108863132959447023e-02 1.573612217483769810e-02 1.706760010551055806e-01 3.096224262362214791e-02 3.674029184205675896e-02
1.950037086721537541e-02 3.822112424341985587e-02 2.764137205251631160e-02 2.416063242626379295e-02 4.050873438743218119e-02 2.986467542984490298e-02 5.485042146748050906e-02 1.454681318329984624e-02 4.521727656625400271e-02 1.675483745243481343e-02 2.544812604335165360e-02 2.431200898193804430e-02 4.579274564025775235e-02 2.213218090696643381e-02 4.616961521880622726e-02 5.226862221139046832e-02 4.452318509056821944e-02 7.480664649379320519e-02 4.607045900437797131e-02 5.040746202137689341e-02 5.495714480804064078e-02 5.716076840042186302e-02 1.728957992976751581e-02 3.727180442397334814e-02 3.613365808901333048e-02 5.398973465979472336e-02
1.927084893539712102e-02 3.453454622755085246e-02 2.796404357940872679e-02 2.347242329030862704e-02 4.577739482628223611e-02 3.099076967748425754e-02 5.217572384065414376e-02 1.474942867868811111e-02 4.073652747372649013e-02 1.665088556194257649e-02 2.743686106283990678e-02 2.514866704823116514e-02 5.035228351352875192e-02 2.441248013692503063e-02 4.623875419717071722e-02 5.628722766779818698e-02 4.185458908465911065e-02 6.556647522524541860e-02 4.447330839185589801e-02 4.682065667102456447e-02 8.234329894358022317e-02 6.023954569222250699e-02 1.747558085483946408e-02 3.532088607977160177e-02 3.159064842236480875e-02 3.811614491649926995e-02
2.001717851318492516e-02 3.565912718316479463e-02 3.004837883607222593e-02 2.300607732726274793e-02 4.868201201297152336e-02 3.076732206095594488e-02 5.059345327487672211e-02 1.456424146171236139e-02 3.997676860381058073e-02 1.653708109883691643e-02 2.525827579295894867e-02 2.421349506818320022e-02 4.616855139290037408e-02 2.259938209090242567e-02 6.454654976154657053e-02 5.376483393875706313e-02 4.037423201211470802e-02 6.711992801712923784e-02 5.115466270519921504e-02 5.906588796019458104e-02 5.160514020591692314e-02 5.389749126441033961e-02 1.753065381251642935e-02 4.455148150186268724e-02 3.062438548733940197e-02 3.767340861521924905e-02
2.011066196891604305e-02 3.932513246440089150e-02 2.822002042819229256e-02 2.533559731422501196e-02 4.107922881970290513e-02 2.987853729205096689e-02 6.192088458737642770e-02 1.481941744427955725e-02 4.823431000666525414e-02 1.817511722590561124e-02 2.460643864609622991e-02 2.499417203600843781e-02 5.084938582742164898e-02 2.190125690877912576e-02 4.829748547832584532e-02 5.360356896103366658e-02 4.712685364029701313e-02 6.285025530506614666e-02 4.397268841034918108e-02 4.924481414809268182e-02 6.273136325178843564e-02 4.598559076626661246e-02 1.685142012280707591e-02 3.896351903417016177e-02 4.146904625826632745e-02 3.945323365351641187e-02
1.864805524271305470e-02 3.575851967052171704e-02 2.614622298937516534e-02 2.323462419374860283e-02 3.851316510387386982e-02 2.848749741450564213e-02 5.039675444951178390e-02 1.398230445170530606e-02 4.348861289527989477e-02 1.620343224645681007e-02 2.320509612363471502e-02 2.326356664033048596e-02 4.261091834714937632e-02 2.089253450362131559e-02 4.504195708138315074e-02 4.961948958081950634e-02 4.359445669417067598e-02 1.494856666349535512e-01 3.960425636115180031e-02 4.441060306862239238e-02 5.025000111528937774e-02 4.859197907161335456e-02 1.624862740815741571e-02 3.666169706488627694e-02 3.286699106440657547e-02 3.879297058211803734e-02
2.033887928832517691e-02 3.739374230160205648e-02 2.883751423560129007e-02 2.441013346132271666e-02 4.266196064178132130e-02 3.225190209625419802e-02 5.743008380751042641e-02 1.461457216259569140e-02 4.681165832616382416e-02 1.725502609374860233e-02 2.540318256460281574e-02 2.491020043885737792e-02 4.784621670972103585e-02 2.265478109836712231e-02 4.889810303733626434e-02 5.300141183740450512e-02 4.589728689806368139e-02 6.989891980185662657e-02 4.426216338750656870e-02 4.892054459671411892e-02 5.978874870844044093e-02 5.229538349865309882e-02 1.737176262000296109e-02 3.922703301936815434e-02 3.533229300073191526e-02 4.228649636746799334e-02
2.043893115984540820e-02 3.897063425005980325e-02 2.719504751606666854e-02 2.472704671479662372e-02 3.993625124951968169e-02 2.997357491181558420e-02 6.767269417264876186e-02 1.454534312212749439e-02 4.533921888638462599e-02 1.719670816160225393e-02 2.491557265665294077e-02 2.565049878108163761e-02 4.365384232672141901e-02 2.168695971040765155e-02 4.853970417845800828e-02 5.825038562849821355e-02 4.623811211548822797e-02 6.831983749224077029e-02 4.382950090207887728e-02 4.806495582402701972e-02 5.847312811456676501e-02 5.027912824697377409e-02 1.695637451683107422e-02 3.891601257868014530e-02 3.641402029965354337e-02 4.381651648277306438e-02
1.985634899607496492e-02 3.688307641419837773e-02 2.645806370580948072e-02 2.447578472197200344e-02 4.088783508957798130e-02 3.109494171148530564e-02 5.581459572438322858e-02 1.499817320629667598e-02 4.654532071218733802e-02 1.729474633332741054e-02 2.475663016404335698e-02 2.557098930405061685e-02 5.077825139986381908e-02 2.514747747193152652e-02 5.353752954233591960e-02 6.194127994869123160e-02 4.801328617998303766e-02 6.144158056643007904e-02 4.100518990393230839e-02 4.936292803090730485e-02 6.213686133067564121e-02 5.254659293443066786e-02 1.750851188504636696e-02 3.853970218684887872e-02 3.401864541988514762e-02 3.938565711563132843e-02
1.997174190400873364e-02 3.618889189504587850e-02 2.629295837247892093e-02 2.568792986252488655e-02 3.982019488265575724e-02 3.031890139197013223e-02 6.024223590813756329e-02 1.536141004090664335e-02 5.336439049360033882e-02 1.714711749026731624e-02 2.832557472484748678e-02 2.531808124236489821e-02 4.381846815176057564e-02 2.211345185550924949e-02 4.516783807325341210e-02 5.359883555596368920e-02 4.429146319998134712e-02 6.113420363246558492e-02 3.984102843859094190e-02 4.279473187157153968e-02 7.418956796710723944e-02 5.202270849585174245e-02 1.715286322489749382e-02 3.767685205261657455e-02 3.985549130649778532e-02 4.830306796512424256e-02
1.915403682218805650e-02 3.750327120033306733e-02 2.877293234763000224e-02 2.311264582525949032e-02 4.060517046434683475e-02 3.052174946568778774e-02 5.135823631221566460e-02 1.379365745761781427e-02 4.259867211662298619e-02 1.605775216793683957e-02 2.530374195689864131e-02 2.321254928081849592e-02 4.583457513360312402e-02 2.198048678288236357e-02 4.207440031552397985e-02 4.928314456671418348e-02 4.042772689719389273e-02 1.138041962522778477e-01 4.714250835500988918e-02 4.935803679652764342e-02 5.330265034112480205e-02 6.174532250908126157e-02 1.725372967620029258e-02 3.325799450315890943e-02 3.278006840210142409e-02 3.976074405104478016e-02
1.959182330647132181e-02 3.567669224018937824e-02 2.922100832621158176e-02 2.500500625947392128e-02 4.176728005907431873e-02 3.104362294507724204e-02 5.422161031856834179e-02 1.405710727680158090e-02 4.830438544720379312e-02 1.669694187609434277e-02 2.567851475662994570e-02 2.662920718672705939e-02 4.517375731869596039e-02 2.267408891112489625e-02 4.325486195691277680e-02 7.179731455643770244e-02 4.106434351286366441e-02 7.002733863973178985e-02 4.479258772379401260e-02 4.605452969330145474e-02 5.944073363076979311e-02 6.238599668075620053e-02 1.730316899361133628e-02 3.388420437343307029e-02 3.464236037420855702e-02 3.961151363583612778e-02
2.060641157502191359e-02 3.790117797178986503e-02 2.761807643759067732e-02 2.577823224480737738e-02 4.009679378156446455e-02 3.185443641952633020e-02 5.634567789870162380e-02 1.463790705843628741e-02 4.723344367923531378e-02 1.687837004906319813e-02 2.620622760362297313e-02 2.610731640418390703e-02 4.506243960113415908e-02 2.428905573442242949e-02 4.798810134378147380e-02 8.072302797543125241e-02 4.636728183562508626e-02 6.836805266346188126e-02 3.937018814292559538e-02 4.683564493682915164e-02 5.473705153011010349e-02 4.593440332394880393e-02 1.677826592689380183e-02 4.004319794837225832e-02 3.297838772839126187e-02 3.926083018512888795e-02
1.980392805161408296e-02 3.716575449675193349e-02 2.689066275680097526e-02 2.476055259194429384e-02 3.912145781763048946e-02 3.075167385199180370e-02 5.424360924458453831e-02 1.450030041541428179e-02 4.392498660942258798e-02 1.655104747480318217e-02 2.453810701774068390e-02 2.501099509739369842e-02 4.443618786261101239e-02 2.240546381439714740e-02 4.441121943783981479e-02 9.686196307217528889e-02 4.466850231787502373e-02 6.780200440775682735e-02 4.149158079486368889e-02 4.580771492876156703e-02 5.589352460084764246e-02 5.260379192046908681e-02 1.693771283076028061e-02 3.716526652806984021e-02 3.356392836739326840e-02 3.868806369008678109e-02
1.867275384770387264e-02 3.805801317806197653e-02 2.758580931971719996e-02 2.530820050570727758e-02 3.494148716510128011e-02 2.894612865944706445e-02 5.772232171249756100e-02 1.413653756068459881e-02 4.879991440150845128e-02 1.734602763172122392e-02 2.381084582593883878e-02 2.481992199452847173e-02 4.141550702832175884e-02 2.101642556115100938e-02 4.292262852181165378e-02 7.081213349784018507e-02 4.647965163120517523e-02 7.209308557034319054e-02 5.027871378819771114e-02 5.428412592327790803e-02 4.908113950408169585e-02 5.707707965693301772e-02 1.646920959903463641e-02 3.523820162963044872e-02 3.995364840847290266e-02 4.273048787708087770e-02
1.959723521099566296e-02 3.825048633765149031e-02 2.821692412503002886e-02 2.444249463072461701e-02 3.848991206970905216e-02 3.051334286341527910e-02 5.668292364075328688e-02 1.428142426688396895e-02 5.092981958315518504e-02 1.755397015033149238e-02 2.436730626273471423e-02 2.613203769956984682e-02 4.564327298426317653e-02 2.156382503681772769e-02 5.569134408650578544e-02 5.999619514878800491e-02 4.479137414905087766e-02 6.719181690888929859e-02 4.425516347683133844e-02 4.748401828951139686e-02 5.300413666238758259e-02 5.715570471595459584e-02 1.699244021352160072e-02 3.941810216873069261e-02 3.984282174380725239e-02 3.751190757398611270e-02
1.971971413759022670e-02 3.934900817998706474e-02 2.672429053607519242e-02 2.417891497560608477e-02 4.226393179113065862e-02 3.141690441577006665e-02 5.439593981565993969e-02 1.498161199085982012e-02 5.576076627867432300e-02 1.680490718354193599e-02 2.581325963700119991e-02 2.520481414161725511e-02 4.651211333387141739e-02 2.258656626178767723e-02 4.730721738054557285e-02 5.167378532234846028e-02 4.637106149456649007e-02 6.979647133123602354e-02 4.275099366815164614e-02 4.832270670374141236e-02 6.200321532439271449e-02 5.160989911339551595e-02 1.731241636441036708e-02 3.930030298663138300e-02 3.370365721632386652e-02 4.413553041508350844e-02
1.928222518878213235e-02 4.092027345460877430e-02 2.699943540602569095e-02 2.517647959265257099e-02 3.931611894643251282e-02 3.033186792112134433e-02 5.484870444018037638e-02 1.456302323604139262e-02 5.040017774874643031e-02 1.708248378558241756e-02 2.490479440755300269e-02 2.530412218740207136e-02 4.478207203398589659e-02 2.209485433472236152e-02 4.914342612113259401e-02 6.022518662169319692e-02 4.998252526939001017e-02 6.922352272709882126e-02 4.147489792748397519e-02 4.774722387856997208e-02 5.936573521809595383e-02 5.237282323608959816e-02 1.696993359973465038e-02 3.912028867543014543e-02 3.609126740482879181e-02 4.227653663661543743e-02
1.854469850304647435e-02 3.529646837799885889e-02 2.477035919873904132e-02 2.310550187866161273e-02 4.053773864852198289e-02 2.747992428691764868e-02 4.838928331095124907e-02 1.402292824441535822e-02 4.116174695842647613e-02 1.618349639045472965e-02 2.281416236459786820e-02 2.317555262599539298e-02 4.138281818395150857e-02 2.067778432301904321e-02 4.679992246276130224e-02 4.769918218868144516e-02 1.470064221302919139e-01 6.277894679597582905e-02 3.802830081776563398e-02 4.351972195819694272e-02 5.026005704637544202e-02 4.232418195379107628e-02 1.608879165296654007e-02 3.831332375286369135e-02 3.181825327566661227e-02 3.782043266896615435e-02
1.942148761553988759e-02 3.976712711560567715e-02 2.670863847414492454e-02 2.438099780052134860e-02 6.122997571285838242e-02 2.922023259264092468e-02 5.170112668152887503e-02 1.459355996972360771e-02 4.673234858281016119e-02 1.730100692994719982e-02 2.404028352977993430e-02 2.557710851762306711e-02 4.988720325704614628e-02 2.225867047634863538e-02 4.942006928693021967e-02 5.142556377556459918e-02 4.916211584998797512e-02 6.253633669900260372e-02 4.803689673942059674e-02 5.291396413763155976e-02 5.905064277230460262e-02 4.656850221733651457e-02 1.694525017414359042e-02 3.923563658964226292e-02 3.286046331638929618e-02 3.902479118552752702e-02
1.990534486280126636e-02 3.828154344089314959e-02 2.728797711888613156e-02 2.515124302640411175e-02 4.030003120219853574e-02 2.975678859965747575e-02 5.359291982659046549e-02 1.430001837879888403e-02 4.343801107352247143e-02 1.668224919044860449e-02 2.409285164219981956e-02 2.497924224915797076e-02 4.549004522720223598e-02 2.267974963612107847e-02 4.584211403529731693e-02 9.542491526469060181e-02 4.613232378700485303e-02 6.685464818697937905e-02 4.146471012855701410e-02 4.576658059846944876e-02 5.515302357598719091e-02 5.005955371486642963e-02 1.675101897859237673e-02 3.752087826059884862e-02 3.346595009010185084e-02 3.962626790397248688e-02
1.990534486280126636e-02 3.828154344089314959e-02 2.728797711888613156e-02 2.515124302640411175e-02 4.030003120219853574e-02 2.975678859965747575e-02 5.359291982659046549e-02 1.430001837879888403e-02 4.343801107352247143e-02 1.668224919044860449e-02 2.409285164219981956e-02 2.497924224915797076e-02 4.549004522720223598e-02 2.267974963612107847e-02 4.584211403529731693e-02 9.542491526469060181e-02 4.613232378700485303e-02 6.685464818697937905e-02 4.146471012855701410e-02 4.576658059846944876e-02 5.515302357598719091e-02 5.005955371486642963e-02 1.675101897859237673e-02 3.752087826059884862e-02 3.346595009010185084e-02 3.962626790397248688e-02
1.928389502434695035e-02 4.016381493966175720e-02 2.773876782060006804e-02 2.594658949596004294e-02 3.689605599718447787e-02 3.060401332460966836e-02 6.009416992442413730e-02 1.434298327275080991e-02 5.310770124867360276e-02 1.758084835691640230e-02 2.334142819242029585e-02 2.468156115158085320e-02 4.522417772390325413e-02 2.158227367867088936e-02 4.768223124667243101e-02 5.866336705781122207e-02 5.419015841670050265e-02 7.489634516679742615e-02 4.030661528115824649e-02 4.384727923381739195e-02 5.777156369650154194e-02 5.228384858502544558e-02 1.686560993651039023e-02 3.709533888119565664e-02 3.659122326781418660e-02 3.921813907829237861e-02
1.967757766076711629e-02 3.842593629687341555e-02 2.722189681714946158e-02 2.483096065811826042e-02 3.898824738188857997e-02 3.084809571695277738e-02 6.119874360230301291e-02 1.483998647914177432e-02 4.745840517272616882e-02 1.776289207564704306e-02 2.485112151088292309e-02 2.521015992061555883e-02 4.776272202186743893e-02 2.185247949568745393e-02 4.911803963579335075e-02 5.437962620519885826e-02 4.691042693861054158e-02 7.449907789743503983e-02 4.225466809197672702e-02 4.577379039174241104e-02 5.841766316702402817e-02 5.421496585814106900e-02 1.721893861371048481e-02 3.818545485407195267e-02 3.716492629860319863e-02 4.093319723707136010e-02
1.904659890452712473e-02 3.732366646594580117e-02 2.751406250489197430e-02 2.323543975726000479e-02 4.265092929742066163e-02 2.923212584889557999e-02 5.059722151062513024e-02 1.444317359147999358e-02 4.233072075482409435e-02 1.665876152576927643e-02 2.455233935679806967e-02 2.380328524732247542e-02 4.435498907853200473e-02 2.195848465155512269e-02 5.505403083899673006e-02 4.707148926719904175e-02 4.340576364440320439e-02 6.546723610278216976e-02 6.260444154314977194e-02 7.756119137760646154e-02 5.184051519708579581e-02 5.015503125772116655e-02 1.703668933834721205e-02 4.099655404222978666e-02 3.194552460984131925e-02 3.915973428479000568e-02
1.952951413242760142e-02 3.930885187640374701e-02 2.735824084222907709e-02 2.290552469620061801e-02 4.318452467113705062e-02 3.413742528028628626e-02 5.761984963219418665e-02 1.514243952866337756e-02 4.196517989413306449e-02 1.614507241253910694e-02 2.677474466919391866e-02 2.553874336603309536e-02 5.942370201693984028e-02 2.353812017618591226e-02 4.054479135307730020e-02 5.107632070389211271e-02 4.070227520763421147e-02 6.929711156153857410e-02 4.527873071665820814e-02 4.994491074049272478e-02 6.446953372431223073e-02 6.371995180049011553e-02 1.858878804434789186e-02 3.487648244207426640e-02 3.104537572373870444e-02 3.788379478717691928e-02
