1.775009360294565672e-02 3.305149244147508047e-02 2.569731222395682177e-02 1.233222398499640715e-02 1.508247306953792825e-02 3.085947756704342584e-02 5.755750242957918816e-02 4.117025688868661271e-02 4.097435973221249389e-02 2.343028225856998159e-02 1.113570250735075942e-02 1.479338987256394525e-02 8.085306413459288077e-02 3.444293325645854387e-02 4.272142195763933142e-02 3.988336532605880197e-02 3.091777453076288706e-02 1.652516511749165667e-02 5.332357867801901935e-02 8.317704722274998907e-02 5.465591239134848754e-03 2.164099513092271332e-02 4.644289155862296736e-02 5.621621511057312004e-02 2.825324594838453385e-02 8.871434844832898348e-02 4.758779576134129080e-02
5.180836268649500337e-02 2.264852669559978826e-02 5.007823982682499397e-02 1.516063696115500271e-02 2.583449977074202264e-02 2.798293799879364094e-02 6.172425575183196692e-03 1.256531877293926708e-02 1.096283960317216179e-02 9.490065517278750695e-02 2.430119114682533984e-02 2.750823558446327186e-02 6.309285607864111023e-02 5.046587276279523165e-02 3.401350929339955198e-02 4.638232546465590606e-03 1.946856626409657759e-02 6.082980739849030288e-02 6.575962174091597168e-02 6.153306741665514473e-02 3.030622886176648212e-02 3.502959653800422068e-02 4.141519693129949026e-02 6.303877555231235386e-02 2.214645790187457983e-02 9.620282757314550445e-03 6.871805816098770781e-02
1.775733694988123820e-02 9.555083640362826980e-02 4.042951216121850461e-02 5.014990346846091157e-02 1.846201133272752995e-02 9.131533984120556585e-03 3.496306035500988674e-02 8.298101602524567133e-03 1.709859448835713419e-02 2.219390677430822106e-02 1.735223580165137780e-02 8.249218350550749368e-02 2.289802313473725606e-02 3.351311811501474919e-02 8.868218015331682733e-03 1.219750070373291310e-03 1.414708421509909206e-02 1.342485378504756910e-01 4.978846564283136850e-02 4.697504746351652272e-02 1.275758483000756678e-02 3.266210461579141522e-02 4.848660416010998342e-02 2.624764489331952999e-02 7.627607489446239404e-03 4.354951559054963395e-02 1.031314770860003172e-01
4.502534603178469721e-03 1.416720847052318488e-01 4.066891727191936090e-02 5.439752029577045178e-01 1.047935487048625748e-02 2.130188329686302871e-03 1.175042786263136990e-02 1.004879614476348465e-02 1.040562858254456477e-02 5.879611737789530723e-03 3.132618178337419346e-02 3.137837051216072620e-02 6.973123770812513986e-03 1.621194920888565120e-03 3.545597059273374561e-03 2.041745641568119569e-03 2.250690396731510820e-02 7.235698922363114315e-03 7.738731954600921309e-03 4.775456011510277078e-03 1.908898721087274458e-02 1.084802797886250114e-02 1.330802871887376039e-02 2.210066453052274196e-03 1.525699559006915345e-03 2.632080608850191628e-02 2.604263238102734121e-02
1.030369946660042446e-02 6.235305096167349098e-02 1.620256455361194364e-02 1.001857492761096084e-02 2.219971041846780999e-02 3.816680232097852815e-02 1.140715895874310909e-01 5.701577029384016781e-02 1.109528562066911944e-01 1.271437450507155627e-02 1.465717508508020128e-02 3.528230974479990446e-03 1.048266907918385116e-01 3.090794400990667587e-02 3.146260375383011509e-02 9.150472521805987731e-05 1.352739890090542442e-02 8.571821375516151809e-02 6.513949065087315526e-02 4.549539926834515746e-02 6.677734541997072497e-03 1.560399095150695470e-02 5.013564876152856731e-02 3.752369313459848199e-02 8.786286477906911016e-03 2.244702512088049898e-02 9.471975853965568931e-03
1.844236318064203933e-02 8.656842439339642453e-03 1.163204834129989013e-02 1.178986411380021290e-02 2.990064115633580578e-03 1.982208753389336220e-03 6.679297245220138304e-03 7.030090976558929332e-03 5.720146567469931893e-03 4.529418670731509729e-03 8.087564044302253050e-03 8.185590096645619859e-03 3.706009880547931137e-03 2.494756824907276918e-03 4.424297535864237310e-03 8.246369161143519699e-01 8.950906054921096977e-03 5.036845998298671891e-03 5.779124230426070652e-03 5.297286770344231122e-03 6.804999762627447248e-03 9.841437094205290892e-03 8.497978017426990188e-03 2.103673361477753027e-03 2.209423350019645502e-03 1.072775238050487946e-02 3.763094079043365851e-03
2.080409923029433519e-02 1.658558215540952285e-01 4.988588423175944336e-02 3.415537019691809728e-02 9.146859469331851400e-03 6.137270214770809869e-03 2.232096821970361994e-02 1.164337929090581043e-02 1.340284737604358345e-01 1.361601442522084211e-02 1.372706335809292279e-02 8.023271207743071232e-03 3.712626156560719370e-02 1.880051322034206884e-02 2.916997230646500763e-03 6.103055522128062599e-03 1.633923494013553648e-02 3.096904722311613622e-02 2.629734986037319741e-02 3.083102672347793824e-02 2.249605688681254601e-01 3.018140546409300504e-02 2.034298776666768754e-02 4.137681934966490013e-04 5.527830343693118306e-03 3.983229911099005205e-02 2.001317880783538838e-02
1.873039446053578749e-02 3.435008079128163555e-02 1.921323025490850184e-02 2.467272850825856512e-02 3.728397797601669672e-01 8.096158550899153553e-03 1.281576701745649853e-02 1.531084543248354031e-02 9.024293142536113366e-02 2.126292456005218073e-02 1.845156739205120952e-02 2.343896620993545649e-02 2.119504540697480371e-02 1.550896426891571964e-02 1.465222197807544008e-02 1.213162986173845978e-02 9.141890738795531435e-03 1.487319237928610288e-02 1.899258272162540617e-02 2.194497687337340630e-02 2.330525983792458219e-02 4.154349783513287819e-02 4.162251933464872905e-02 7.203094521839942081e-03 7.503606289703479426e-03 1.078056439440894416e-02 8.017557919416599954e-02
2.994779553554689777e-02 1.841991720728724038e-02 2.049011853351037291e-02 2.642241038319754695e-02 1.202879632000972490e-02 3.697222157186867003e-02 2.231868469472431463e-02 1.840184079305920428e-02 1.973723935335243151e-01 3.767608240996777463e-02 3.277992905281178898e-02 2.572355225066755985e-02 3.214812729909467814e-02 5.273269404626176882e-02 1.464028085206170969e-02 7.139565755229190444e-03 1.109564296823711826e-02 4.872645730145573617e-02 4.034578473439514451e-02 3.329289072439115676e-02 7.043357117100905451e-03 5.276677469764571443e-02 7.487151157583243899e-02 1.050180989587986072e-02 1.038778609780325116e-02 7.886639127069432209e-02 4.688718337774146899e-02
2.179426211569641947e-02 9.351284025549837925e-03 1.965984745763301941e-02 2.116624616679619111e-02 2.836407895088243532e-03 9.437013280728266326e-03 1.017384067449208888e-02 6.980888225986608964e-03 1.941693949426187213e-02 1.805391178794371956e-02 6.748749578257280668e-02 2.285316907940966938e-02 4.110361509374511196e-02 2.731248613156476712e-01 9.451053308094922029e-03 6.849088123863937907e-03 5.021724032296820579e-03 3.160107614818438715e-02 7.333031589297854536e-02 1.673414305910720101e-01 8.465667048713765297e-03 2.450711308648781742e-02 6.394692304216742507e-02 1.937294334637192431e-02 2.981373204273243815e-02 6.102719467888640531e-03 1.075643147359582608e-02
2.381718197427714137e-02 3.645818903304851033e-02 4.655269058818981009e-02 7.002006812390370108e-03 3.981624397856060177e-03 2.868345105812786233e-02 3.476981504354811209e-02 1.154176305833791612e-02 4.817202296734468536e-02 8.252079164461076366e-02 6.877716546011831099e-03 9.969047735693696913e-03 7.048408427467982296e-02 7.201360657752174654e-02 1.237645688458970106e-02 2.442565364699624507e-03 1.128141199481579038e-02 5.984862354781574773e-02 2.539043237740893841e-02 4.947616302642542097e-02 4.310505876053551816e-02 1.062443749200022436e-01 2.140048360854968773e-02 8.765072330846439275e-03 1.745096067050736638e-02 1.405062964400824455e-02 1.453237751581569481e-01
8.433681123283414890e-03 8.857626819563814771e-03 2.084949700993029773e-02 3.593162337199242926e-03 2.271588475850714467e-02 2.366235673272538628e-02 1.377247966230551145e-02 1.891210606261356855e-02 7.834990092930227759e-03 4.560322260768669839e-02 9.740834248669769102e-03 3.121185975958390424e-02 6.083441061979730918e-02 8.057313643032205930e-02 3.900326841369192166e-02 8.210825111776729954e-03 1.652050287163752545e-02 4.692928333796952955e-02 1.639952007260065403e-01 5.701926486331648086e-02 8.773803806825557910e-03 9.218101832914424310e-02 6.091648311883551825e-02 8.239016395794400427e-02 2.812291610350136847e-02 1.180400952524700287e-02 2.753801156898518301e-02
1.281800921168065599e-01 1.890328882504124092e-02 1.002431710758927702e-01 2.432113183318611593e-01 2.402694650379592987e-03 1.157169027473764359e-03 7.482524001839868655e-02 4.901505063273244728e-03 8.474701458972848291e-04 1.024997489724389053e-02 6.584199370815584399e-04 1.253969874795304341e-02 3.389278921204402772e-02 3.700434894177770731e-03 3.264301875467094487e-03 7.395307235331264294e-03 8.320846755216758719e-03 4.426063590562078452e-03 2.489377356438244801e-02 1.700117369126289552e-02 1.872199343411478506e-02 1.202814992638370122e-03 9.060744965356236705e-03 1.680725020645532433e-02 9.929212104108524339e-02 1.517351750714725778e-01 2.165166633130215408e-03
7.293459530075365078e-03 2.827609214909295940e-02 2.087591627701664704e-02 3.014433167943028277e-02 5.384608965493616409e-03 8.929745146389953328e-03 4.180859172210512620e-01 1.859015994268119198e-02 3.065691194413170187e-02 1.693618880215375794e-02 5.846392852259275907e-03 1.139549948456157133e-02 1.999101480410805931e-02 3.331103274992618796e-02 4.647541819364481470e-03 3.090744778130361014e-04 1.400104051992929859e-02 3.441007691838963989e-02 3.220865993578231334e-02 4.928585569449511761e-02 1.116845468048926170e-02 4.420518437276103191e-02 2.783643896525883274e-02 4.144870148613755134e-03 3.810022496041266804e-03 1.063874174793188847e-02 1.076167666747585155e-01
1.675634512322227154e-02 5.234325269790788410e-03 1.266950675847785396e-02 7.170329079197970690e-03 1.689169617148990029e-03 2.399071724402289732e-02 1.805183501277199051e-02 1.210511655196015897e-02 8.576674248947710813e-03 1.747869205091519707e-03 1.042521750601063321e-02 5.400109367671976357e-03 2.507255650545156533e-02 2.398244895985698552e-02 3.937958210001479137e-02 7.212604414482862158e-03 1.164321132149627978e-02 2.679564196409707846e-02 1.253043011532597485e-02 7.525037189494741124e-03 2.548658210681910914e-04 2.636645221564048319e-02 1.369484148786733087e-02 6.409906223557964022e-01 2.554622457541378885e-02 1.006464033420057143e-02 5.123625655478371808e-03
7.860134212890760100e-03 6.832320194809916869e-02 7.244969070756599773e-03 1.290629569272908062e-01 2.271093390372062043e-05 3.212269469147939049e-03 1.341774675776696108e-03 2.286113669748233990e-01 4.192552680501260808e-03 4.812017664306363421e-03 9.349293252611292834e-03 6.697297619676002844e-03 1.532524219077652412e-02 1.754049085330972729e-02 2.856430945843565009e-03 2.389260409831700082e-03 3.482861738685691377e-02 1.258036807442569349e-01 9.144532346614563795e-03 2.141465444533939902e-02 9.073360921130908460e-03 1.738599834438744191e-03 1.513866025150483081e-02 5.921526254623142756e-03 2.686869561716891119e-02 1.814838148655400774e-01 5.974188750298001921e-02
1.730807969985891787e-02 9.335974445032460892e-03 7.950335195624923593e-03 8.989381479721033144e-03 2.855910483296564967e-02 4.192183957517433765e-03 3.591977574525025314e-03 8.507213342692734881e-03 1.437313767291355932e-02 4.557364261038039654e-03 3.144732747133869872e-03 1.249095736023809848e-02 5.973595718411316494e-03 4.789546438144156801e-03 1.888414208731592839e-02 7.377970254448816823e-01 1.186112956909493414e-02 2.597650853965983823e-03 9.262540750058249547e-03 1.458303705252920329e-02 1.911026564468583551e-03 9.767091797489042132e-03 1.295792103706490742e-02 9.891552767584035899e-03 4.987010808711903921e-03 2.149453132025197499e-02 1.024175522076623684e-02
1.471598271663220915e-02 1.699892141524479358e-02 5.427958390832805791e-02 9.735269118325097504e-03 5.594450928755613159e-03 2.616713513267796692e-02 3.319065168509289371e-02 2.271668143793309502e-02 9.915312327608134108e-03 2.651097034698884913e-02 2.603334395889417285e-02 4.017539256639208328e-02 4.226361731396569704e-02 4.337884427739886750e-02 1.825049097507892501e-02 3.465003417065292812e-03 6.383430368958210172e-03 6.131887050094668445e-02 1.488477852630810949e-01 6.203596176229261155e-02 9.833277079489178771e-03 5.696558288997054936e-02 1.193600689034538115e-01 4.177791794732440417e-02 2.499699951202433157e-02 7.206861176873947950e-02 3.019842477338000302e-03
9.389489809698850498e-03 1.442387321281383972e-02 1.453911173479091427e-02 5.109134149327553345e-03 3.269606819350120291e-03 5.632120862305550757e-03 2.434104487692002883e-02 1.190824149160276020e-02 5.548421488763524007e-02 1.987291886696924970e-02 3.182410025438096174e-02 1.546534788159864560e-02 3.396761641980346885e-02 5.454565882302071789e-02 6.469663015929772755e-03 4.559401764902489690e-03 4.686068801474159440e-03 1.805378060792636186e-01 7.651988560878519863e-02 2.607644863191148077e-01 4.648644328682463578e-02 2.380412504491510872e-02 2.542070980141469122e-02 3.468650912752475890e-02 1.953912926260907221e-02 4.044541687106887468e-03 1.270875010991682520e-02
1.486636743361301749e-01 3.279362387290604697e-02 1.036161808864387128e-02 1.171182136394628877e-02 1.128722159954167852e-02 1.434373414283792239e-02 7.020478622560672420e-03 4.834119249692233472e-03 1.034977043586735208e-02 2.717330348391473662e-03 1.415868922514112657e-02 1.216411292054713107e-02 7.309596005730370494e-02 1.746157704431085950e-02 1.629799455995221275e-02 6.647812940450611822e-03 1.534443943272228474e-02 7.906291328393472151e-02 4.474376624286218601e-02 2.359206851288591922e-01 2.780961097378040203e-02 5.029632989828169976e-02 4.193361789542415785e-02 9.005339900885958940e-03 1.024762976489692647e-02 6.919913314446231312e-02 2.252699552566691729e-02
1.768080631742012521e-02 1.271797626274906272e-02 1.258050484211773075e-02 9.390519683075748691e-03 4.792177414117662626e-02 8.124737051346192507e-02 4.858022700192133475e-02 3.394589188067859142e-02 5.868252098907956321e-02 1.892899003020730511e-02 2.451980053892652799e-03 3.451282542026154476e-02 1.811164417901803617e-02 3.092369970651902278e-02 2.505437219200667975e-02 1.171352431458290606e-02 6.670515071295290109e-03 1.895112658438116021e-02 2.760924437725729638e-02 6.795012943140717188e-02 5.735375713660557755e-03 1.697650548892480626e-01 6.263069578137493709e-02 2.049097260714164218e-02 1.931499083898101377e-02 6.096273583527293816e-02 7.547453134181113243e-02
2.368035701717893446e-02 2.970004566471930521e-02 6.471994808400460819e-02 1.998702603250640877e-02 1.886614798975073254e-02 8.200643884109974982e-03 2.833729914406931533e-02 9.963225793028935087e-03 1.747459563651701520e-02 2.670300429337652687e-02 1.602603685228458016e-02 8.023559438850443384e-03 3.539634873651886088e-02 2.757063190899505800e-02 4.674521353938739486e-03 2.986536734946596775e-03 1.402930790641344037e-02 1.766751091470453866e-02 2.098050827407268656e-02 2.684523405131538157e-02 4.535785237560902572e-01 3.781940852313392387e-02 2.334361140373611768e-02 9.668131110942080123e-03 1.070299200884407276e-02 3.084277912811253519e-02 1.221206435783902568e-02
4.064220174207160141e-02 4.197303021816847779e-02 3.253548090872131204e-02 1.352771453415282932e-02 9.820900649003722754e-03 1.970035280726824614e-02 3.342287176713439056e-02 2.131222702209340999e-02 1.625963126800149261e-02 3.337440560932170008e-02 2.066264751967362284e-02 3.066888850321862481e-02 8.445943826759759465e-02 4.706368896732741197e-02 2.143246845539408321e-02 6.110174586689197558e-03 2.376500243291112743e-02 5.053583939311005052e-02 7.669728700240636965e-02 1.030308669114184672e-01 2.789030586589799285e-02 3.323392373319736942e-02 7.331838924349488862e-02 6.614291611179327901e-02 3.326007627196093247e-02 2.007246321208587189e-02 1.908680699588604854e-02
1.063851410288859690e-02 5.176948312034416327e-02 5.994428865228609848e-02 2.436654901361022529e-02 1.458736658929232766e-02 2.138633212487590224e-02 2.712357160219560498e-02 3.967884548157592228e-02 2.394749859957663943e-02 1.628702399502980278e-02 5.765895126495949180e-02 4.446829475546328070e-02 3.919795680525627046e-02 8.503242441082685399e-02 2.604146378299968326e-02 2.585140990428128061e-03 4.074544482335597934e-02 4.707311671856389407e-02 1.465540549075975731e-02 4.113755181073697198e-02 1.554558968410690509e-02 8.617992618010553163e-02 7.261713759403350121e-02 2.113668061853896801e-02 8.751131552158460114e-03 1.044691111899695261e-02 9.699739911703415818e-02
8.979355355587187795e-03 2.475308849586664584e-02 8.696887452317522346e-03 1.017655592265851588e-02 8.578380451797779777e-03 2.010598782421564937e-02 5.120019639373556142e-02 3.408896111727550277e-02 1.334588873901424166e-01 1.537188672092778922e-02 5.419049918165421732e-03 1.536187145703356120e-02 9.613568087769805426e-02 4.867676808614706391e-02 6.173381138340239792e-03 1.129775404653903447e-03 7.528446926342655630e-03 2.119057417030702217e-02 6.387063878780137316e-02 1.271587895666758117e-01 1.401689550032584166e-03 1.062761967113253075e-01 4.425223091381143281e-02 3.640857952191984409e-02 5.439282254821179059e-03 1.587157276543611426e-02 8.229528482496388520e-02
1.797975191641692713e-02 1.652560407634500253e-02 3.353924317183962917e-02 6.754011475801099777e-03 7.352677647777026634e-03 6.039851794254807484e-03 5.119001885874106469e-03 3.642904484219276068e-02 9.976499886667153372e-02 3.026704050248245001e-02 7.959965599199494979e-03 2.187617071400276836e-01 2.486807318704501238e-02 1.843050248395642493e-02 8.778811463838255211e-03 5.622912480570460905e-03 5.877256863932247763e-03 1.973842801911267208e-02 3.007245488491691945e-02 2.852813757433180983e-02 5.500809408432195784e-03 1.375675521379285948e-01 6.788107293383469076e-02 3.943240024781777264e-02 3.162311501811517628e-02 5.504708318090528740e-02 3.453849119637998621e-02
1.762877784420322641e-02 7.694373332703040476e-03 1.237998621159351088e-02 5.118563923992357906e-03 4.193091240678532144e-03 3.100538008597861564e-02 1.929903714943281834e-02 2.231627734594402931e-02 1.758068690496123951e-02 2.268525852550505942e-02 1.161216025179299255e-02 1.775558908228588514e-02 7.866170292868339409e-02 8.249479729883900381e-02 4.408156500302898295e-02 4.887306537830152925e-03 1.524245773858766938e-02 7.611825087629935094e-02 9.057269393508851629e-02 1.795491635719805024e-01 7.354839306587756219e-03 8.714534251263111875e-02 4.146582329549673707e-02 4.489965913740606024e-02 2.594336061035435598e-02 2.078294554204595038e-02 1.153090980606905590e-02
7.396348144189174995e-03 5.984283166072069254e-03 2.140903733300158693e-02 2.610742164429297966e-03 2.317138498928429224e-03 3.028249262832911903e-02 2.675349704066706889e-03 7.736216978918432352e-02 8.872274967703867865e-02 9.136410091068282446e-02 6.778516704140750103e-03 3.854978637163652272e-02 5.879589868763637761e-02 5.161670381309235028e-02 1.131041844683186581e-02 1.430627282330481113e-03 4.641947284163574182e-03 5.090434018230102775e-02 5.617950708119382602e-02 1.300809956275532919e-01 2.438904977772088367e-02 4.800765816338230241e-02 7.304508995408449945e-02 3.997216125369063011e-02 2.499335389152216452e-02 1.001417319029585667e-02 3.916536027250174662e-02
3.787830694513415371e-03 1.124676717005064913e-01 1.327846538839509531e-02 3.554436420620565168e-02 5.185577178872584625e-01 1.525112822539097072e-02 1.699477787245492338e-02 4.186078452195972702e-03 1.031503028844745797e-02 2.494640158799676238e-02 9.291809635841287440e-03 2.062142989815954688e-02 2.696501859864156719e-02 1.221107901601536927e-02 2.152158400744087069e-02 2.113488262185976227e-03 1.298477760088596542e-02 7.869055151955316185e-03 1.173225553530405155e-02 5.139005381384348023e-03 2.987248487166394365e-02 2.319724691963819321e-02 1.057891385360597812e-02 2.179431566905156228e-02 8.510822673421193293e-03 7.505986215946400600e-03 1.276126040549325005e-02
3.713661376315120777e-02 1.548714100677190397e-01 5.328469046111777851e-02 2.311459832181348567e-02 3.408857840832470870e-02 1.349756302819154173e-02 3.927888139716396998e-02 4.347351021099178127e-03 1.565750670715689019e-02 1.978061029324053657e-02 1.850924068193687475e-02 9.831212438856127417e-03 7.794730758594621556e-02 1.640203376299686350e-02 9.460268311509228978e-03 5.151762857899830003e-03 8.014164997109492899e-03 2.162251129536440358e-02 2.306938250818284936e-02 3.533872821145126603e-02 2.007500269843157659e-01 1.573416254716697091e-02 3.669243325636902670e-02 1.586909513942753522e-02 3.683222987386117891e-02 6.816490928525818782e-02 5.552726793369999921e-03
5.058258418681723517e-02 1.627577522678565550e-02 4.166968986390168217e-02 2.554851486843200473e-02 2.498178734267800238e-02 2.390251158380704219e-02 3.389377869186394748e-02 2.594815932094053645e-02 1.412023602227338755e-02 4.079351803221933914e-02 2.787286533923337764e-02 3.426833977141594684e-02 2.656764191064086081e-02 5.141408961101367331e-02 8.879318297743958588e-03 2.676282996554175866e-03 1.907432714370381824e-02 4.756512116676723384e-02 5.245222405401802485e-02 3.845373506789047380e-02 1.814474855356329464e-02 1.047718812252878967e-01 4.798919181436225867e-02 1.432493500048224143e-02 1.952591673299751765e-02 3.323630214347449846e-02 1.550665240311319137e-01
7.651605043253677241e-03 4.357767392598567435e-02 3.780688993640220208e-02 1.520450368161671909e-02 9.721893589373239997e-03 1.625774066865787876e-02 2.492989538038482833e-02 2.417249745085545479e-02 3.041170059300438849e-02 3.364571172766542273e-02 2.635995440393154240e-02 1.756648860598425954e-01 4.020579051172808865e-02 3.781937746144001244e-02 6.429757327832052657e-03 1.310773102919026226e-02 1.537783705998456082e-02 6.661808287299419984e-02 2.001839455482265148e-02 5.751643243236075759e-02 3.205777807165471199e-02 1.765686284196224184e-02 2.981185193213383572e-02 9.245370031463696903e-02 2.012302177106853329e-02 5.338980493352186302e-02 5.200862442369546396e-02
9.589565848389724340e-03 3.359943167120517382e-02 6.149200443454206494e-02 9.068964593960096576e-02 3.358743955971114220e-02 4.923438170281742993e-02 1.815067606664316421e-02 2.160952377826641166e-02 5.302016951810779866e-02 1.557991452962690856e-02 2.052214328644491256e-02 3.896397833669106026e-02 7.238329593703221598e-02 3.717049375420256041e-02 4.327736138595676685e-02 3.157954044062003321e-03 2.068552402281204419e-02 1.920870494509136980e-02 3.726054304272199968e-02 4.832557291046558207e-02 2.718289993626257089e-02 8.515147860338857788e-02 5.312127696529292398e-02 8.597528184891154585e-03 1.960288794588171957e-02 1.137512565455464121e-02 6.746047799533706757e-02
1.484203553019190769e-02 6.242845296357409438e-03 9.445973356360959708e-03 7.122226515456810646e-03 2.897338979524548882e-03 1.582162423587943388e-03 6.210228869753037749e-03 9.681952273575357426e-03 4.550186291333659788e-03 3.545295843108221216e-03 4.804866214366062746e-03 8.311269666835457981e-03 3.022826109747421379e-03 1.672441293783232105e-03 4.835241269075387510e-03 8.488579167588122809e-01 1.059081163385061468e-02 3.944436363000037096e-03 5.813175024380843985e-03 5.146512843710919494e-03 5.124309703449097218e-03 9.601445509523947458e-03 5.400447500780063310e-03 2.793011585661358577e-03 1.957923395802909413e-03 7.313327962142999496e-03 4.689791785827495535e-03
1.260421684852392615e-02 7.012197501483939666e-02 4.949723479069693954e-02 1.700974858940322576e-02 7.759205110852174583e-03 4.598718109303901597e-02 3.537069284484790216e-02 2.314336219839023892e-02 3.929615448187962629e-02 7.272877502533903193e-02 1.167608249721322627e-02 1.673054953748286805e-02 5.420438460024944172e-02 1.503096956229601489e-01 1.283355391790150409e-02 4.364617089522219279e-04 1.881167056279973646e-02 8.660353138208905233e-02 1.400251555610338393e-02 2.194320357659776399e-02 1.909477887082076941e-02 9.116545886478902294e-02 2.767777898297041697e-02 1.209482282957745521e-02 1.316403654016528625e-02 2.173975322362633328e-02 5.399317572788972508e-02
3.192712790317007304e-02 7.170432940101038877e-02 7.395513152655922018e-02 8.551940279193116778e-02 6.212133081370641713e-02 1.482029711302193693e-02 4.009117108241621458e-02 3.344155171496023676e-02 3.044402442102431966e-02 3.823173395731314927e-02 4.898764493331084907e-02 2.710668170801146248e-02 3.871315252792543321e-02 2.200904809088102126e-02 7.789357133409408745e-03 7.280653705194661991e-03 8.337272660464039101e-03 9.208240088412392166e-02 4.283074043267830200e-02 3.791090138045254132e-02 1.236659608583870473e-02 4.259368018961305624e-02 1.931447466606713015e-02 3.766293268307658454e-02 9.920081863365131855e-03 1.875572516275809259e-02 4.408255516771653060e-02
2.314594363228732535e-02 1.951777051823537154e-02 1.714542716116475990e-02 1.274244176299725584e-02 3.702037254010535211e-02 6.197262263701561885e-02 4.359766085237302274e-02 3.184418222583472458e-02 4.467648947786170138e-02 2.450016823047361514e-02 5.367958475646206380e-03 4.277785214270948821e-02 2.501834385092607457e-02 3.739581898549119293e-02 2.819320012724455676e-02 1.076677408292748585e-02 9.720058290024846323e-03 2.810595223558927380e-02 3.806334505487440900e-02 7.436466270214349417e-02 9.494538454124849119e-03 1.254448285044712785e-01 6.761735727351220193e-02 2.962115143073255560e-02 2.365656643428548991e-02 4.980876916460819093e-02 7.841974375233969063e-02
5.270611007285842808e-02 1.883292765541505487e-02 2.094202726326534897e-02 1.387197036146210240e-02 1.879332476857148784e-02 2.125475448338168261e-02 7.466075867660681986e-03 2.246368398909125499e-02 1.492342414438869828e-02 3.218933799004899260e-02 1.997755891057222122e-02 4.758438822494880788e-02 2.962148044713733622e-02 2.479963697713861992e-02 3.936520867240917571e-02 1.216194539615652291e-02 1.051080397857616193e-02 4.938110812094931995e-02 2.889093057647251425e-02 2.851502028320311924e-02 2.198004976711030733e-02 1.055499348403663301e-01 4.501775390390620746e-02 4.470696897224984978e-02 2.386604884168433069e-02 2.894829463084655496e-02 2.156792308601288566e-01
1.207235608385331949e-02 9.989784224807273308e-03 5.619264585931943445e-02 1.252547347546467162e-02 9.567740485263674655e-03 3.585446590442153275e-02 4.467443088604577256e-02 2.011473085376561110e-02 2.002912460227529445e-02 2.140165840262406305e-02 1.357920060090896386e-01 7.773397035118943810e-02 3.228757317054263554e-02 8.269246802165651500e-02 4.671362756241956987e-02 9.917290605862442293e-03 1.199027121386412979e-02 3.921696883310545056e-02 1.990524241894009103e-02 3.032024648346223067e-02 2.727593220494877943e-03 5.939304856601845123e-02 3.628277453154308413e-02 3.978108249192164464e-02 1.737527345999683934e-02 3.181035419878140702e-02 8.363779808327084786e-02
2.818103566264572660e-02 8.195437568598073000e-03 9.710178889075530076e-03 1.220713976394355478e-02 3.502956445700460258e-03 3.237542966051406342e-03 4.683884368736185820e-03 6.290840887822916547e-03 6.109466314154702281e-03 5.965650446715695977e-03 8.523319325856749257e-03 1.194233311738488248e-02 4.109608788458445940e-03 5.117483729238475956e-03 8.291755508915029521e-03 8.061612645572737712e-01 1.000286204147902633e-02 3.287219504757843240e-03 5.325207314844876937e-03 6.405223495188233987e-03 4.567236128475343770e-03 9.211128610413517326e-03 7.615963228961363657e-03 4.028445040844067133e-03 3.032611356874875298e-03 1.003439852234478541e-02 4.259806415244658633e-03
5.820051782026486667e-03 1.644586722453951835e-02 1.176898401357799953e-02 1.477812313749049186e-02 3.034885833760535626e-03 8.394359879245638645e-03 1.927512930836673341e-02 2.733175964772709653e-03 7.663980202990820258e-03 9.199438770508142418e-03 8.692297073357500500e-03 8.836848361811368638e-03 1.413950217012987023e-02 1.510555250276056014e-02 4.937988459266419092e-03 2.414072835536053285e-03 7.552816599215143034e-01 2.477264649410644472e-03 1.260580797770253884e-02 7.236411299137495041e-03 4.514905940621131812e-03 8.669618770883557105e-03 1.067252678703164114e-02 9.345738770253932820e-03 9.935658936981551365e-03 1.079036095323169728e-02 1.522978847309080716e-02
2.020762133124285459e-02 2.788875535114056572e-02 5.753182672628909949e-02 2.651652030248371691e-02 1.800102892988917486e-02 9.072573724087250671e-03 2.501013857691083628e-02 1.858242143885099201e-02 2.010769919474507741e-02 1.807093140750437588e-02 1.349863841904399078e-02 4.040829873174787978e-02 2.062208722707697256e-02 2.391201181467023443e-02 4.354401291411955262e-03 4.335529418888117194e-03 9.674580513945095148e-03 3.896867140166771631e-02 6.983359600289044955e-02 5.954304149499429349e-02 2.308280964240958244e-01 5.913752252401326820e-02 4.325633871733137320e-02 5.943102998346930753e-03 1.228723383704485167e-02 3.012225429224266518e-02 9.228507790744444605e-02
9.013353634394460565e-03 1.476787856028802248e-02 4.683985297622118849e-02 7.260239588364657271e-03 1.775339490122575248e-02 1.080567150548559369e-02 2.621679377218264981e-02 1.717445453987442514e-02 1.379121558746708096e-02 3.327791561324977554e-02 6.880500344894298348e-03 4.282561646564147367e-02 7.141619027134107900e-02 4.950944046652718672e-02 3.952637219342519138e-03 1.441522852968874988e-03 2.024279032330256536e-02 1.027234718367753957e-01 1.067504959256345837e-01 5.878482450877450111e-02 4.629307521570776192e-03 6.647782758738389475e-02 1.076036893570843644e-01 4.615893694306689304e-02 1.248632010411536257e-02 6.396918945561889946e-02 3.724646813720382948e-02
1.358075603265421379e-02 1.015271285851891345e-02 4.118907389745337516e-02 4.157656241130579071e-03 1.483856495063760579e-03 1.776823365921357742e-02 1.635180690140148330e-01 3.211615676475343406e-02 4.059998958739072933e-02 1.006993519539537731e-02 1.322309785545808525e-01 5.465367865848182877e-02 3.021644731674821838e-02 4.309257820689664509e-02 4.680575090672728193e-03 1.696225674154892143e-02 4.669074435838355824e-02 2.596305798975567791e-02 4.200394118893534950e-02 5.451334231850576972e-02 2.380346627752077081e-03 3.850544718878759487e-02 3.473736010233199195e-02 2.019189454476636586e-02 8.950307790818248788e-03 9.258002574850132671e-02 1.701057782694406773e-02
2.117268759460592606e-02 5.369919106157904076e-02 2.769944501878368603e-02 1.261627433386513369e-02 7.806670316316107784e-03 3.101534839606257324e-02 4.973980071856255736e-02 3.644172634950938738e-02 2.251232724687891179e-02 5.576044678420905704e-02 5.660769070886218640e-02 3.429729536975075627e-02 2.705267594242022691e-02 3.562750495758654906e-02 3.191934457179877033e-02 7.277095632953366720e-03 1.951981794565155887e-02 1.140829743331943369e-01 2.808732038839464179e-02 6.216171984367480086e-02 3.722258740234218183e-02 3.285531684621996462e-02 3.640587421536561202e-02 2.635026728510931476e-02 2.395575939141668040e-02 2.758674033832605663e-02 8.052609700656065961e-02
1.049871763549264751e-02 5.502646635606463221e-02 2.055074458987710129e-02 1.495372013743701683e-02 5.526348145987498503e-03 3.177779940784686286e-02 7.838659018090245872e-03 9.699945003838082377e-03 3.835679489939064490e-02 5.873104855377335454e-02 1.157008872878416070e-02 1.380994146405030085e-02 7.179014296230423753e-02 2.625465709252147728e-01 2.343005987257818293e-02 1.542431203990780354e-02 3.277271437513004648e-02 2.877098686592823203e-03 2.240747444002162692e-02 3.971446088031316268e-02 2.505794455891703718e-03 1.080767529602420264e-02 3.944641752955598685e-02 2.442469797268161796e-02 9.794049379927038945e-02 3.222759247137970545e-02 4.334422035250120459e-02
1.637084910756072056e-02 1.166367398508645348e-01 4.595245703581166824e-02 1.219332362400930153e-01 4.852027101586902161e-03 1.877786969230730435e-02 2.967401634157623008e-02 2.693991257802659869e-02 3.713072833766938030e-02 4.124852785424801965e-02 7.061690067515082048e-02 3.209325739596329691e-02 2.661759884327056375e-02 6.758408746154147620e-03 8.243586980299616451e-03 1.353801794299855235e-03 4.581800195709970908e-02 1.356758432516646552e-02 9.152823686165814307e-03 1.386557276366224764e-02 5.465768740573496293e-02 5.281545681497790828e-02 1.078588609450177073e-02 1.668990339363574105e-02 8.078393598786991897e-03 2.698971194091216025e-02 1.423790594444734880e-01
3.294240253473626479e-02 7.618064971492775894e-02 5.967239032718204411e-02 5.417334850817024684e-03 5.468042698031104487e-03 3.436419905676040259e-03 7.634206599727452747e-03 1.173651959275122218e-02 9.422783521151245970e-03 5.913320409324234785e-03 1.022938048503437870e-02 3.303355832488892585e-02 1.312063771377671405e-02 5.028830687705519026e-03 3.338771574338261772e-02 1.949672040262458994e-01 2.249981771347074264e-02 3.281923585002013977e-02 8.407257283857468011e-02 1.361531318425434900e-01 3.592592576562338852e-02 1.575585323227924467e-02 3.331864142110898402e-02 2.029752638076192522e-02 2.389397966208683596e-02 3.950062181211427131e-02 4.817129634605808036e-02
8.557950695282496439e-03 2.108128444602239485e-02 4.211705409487933455e-02 5.491730278618268957e-02 1.769126454465774767e-02 1.056941284367136392e-02 9.433646902960998726e-02 1.096256441205483573e-02 1.196127577675490557e-02 1.049122384393406660e-01 2.335699522368624159e-02 1.973013493946729202e-02 4.751625930557329403e-02 3.573931320888058122e-02 7.239290291326925912e-03 1.887656157472349105e-03 1.323247913338750428e-02 5.417236624297005337e-02 4.494531939394732362e-02 1.741709418543439108e-02 3.279018435993052982e-02 2.099485631053388257e-01 3.201484742959838370e-02 8.325927024779342100e-03 1.281135512299499957e-02 3.397550727986206609e-02 2.778989052689341197e-02
1.313299419419792537e-02 2.143412655419276239e-02 3.030359520143972862e-02 2.398891944708528290e-02 6.079254553148571300e-03 7.904854242925649435e-03 4.884860013495120890e-02 8.976305161259240731e-03 2.361383687594117813e-03 3.272412145843717202e-02 2.379941740018531177e-02 3.651673674523436483e-03 1.242429936306433530e-02 4.180022722127021279e-02 8.841241334625420806e-03 2.909468068437739106e-03 1.638411379144473490e-02 1.601957506590917235e-01 4.006269838213118162e-02 6.870656712173910108e-02 4.661010177580823810e-02 2.492070869282209111e-01 8.021529659604065277e-03 1.531495841465770665e-03 1.009266493975109584e-02 4.098421805321436802e-03 1.059090873980835512e-01
7.229437032788024915e-03 2.579616021250799932e-02 9.377929671797935463e-02 9.219921355605675828e-03 2.166089252550137609e-02 4.049156057830033406e-02 1.930777385540060134e-02 1.609555915546629148e-02 3.676019912809656148e-02 7.647727099485729374e-02 1.137027186798245278e-02 7.169531132560289823e-03 2.068292237708705961e-01 1.619892806527160334e-01 9.952807550289330743e-03 6.756019129081324015e-04 2.123310750554603318e-02 1.181333416823189195e-02 1.407162266397400489e-02 1.441121878704458570e-02 1.179002702924393520e-02 5.405518089726893405e-02 2.534890751908234693e-02 2.316702555454405732e-02 2.334733224590653661e-02 6.939792783540537323e-03 4.901766240178677403e-02
7.528691449065827608e-03 6.689454563461921278e-03 1.290541996211614327e-02 6.268391564976054549e-03 1.470084736215588900e-03 3.364026261288897979e-02 2.706257547638460294e-03 1.343215045123985832e-02 1.622719419249105122e-02 2.537309038965289421e-02 2.347504842846397967e-03 4.795650473981000542e-03 8.168258135675569159e-03 2.674469152096897381e-02 5.770699865979911358e-01 2.251417074158515615e-03 1.323585096445642657e-03 1.737022796983957867e-02 5.090701357219866094e-03 1.239154766039606871e-02 1.751534436697498162e-03 9.152532742370088695e-03 8.270829733869436082e-03 1.328933984700283177e-01 5.294976765258196938e-02 8.937642678472744115e-03 2.249726086710473506e-03
4.243086408848997099e-02 5.531062548152602953e-02 3.467264600986878775e-02 3.553454366436151896e-02 9.883596967020015847e-03 1.599264083500890471e-02 1.418737073739762856e-02 2.382768966535203994e-02 2.524523857425244391e-02 5.345692424067609999e-02 2.220566155523052629e-02 5.160620478445134690e-02 4.215556470375299292e-02 6.627299279845066948e-02 1.417949239137955043e-02 3.902907424802890511e-03 3.065770114631841473e-02 3.805778795289051913e-02 4.989732434040103359e-02 7.524586848217439117e-02 2.924415739356791416e-02 5.696014444744593175e-02 4.060675805676797895e-02 1.776080903354841298e-02 2.762294154278686562e-02 3.459949668761853198e-02 8.848204699445857968e-02
6.494618963576643568e-03 8.168367586555587423e-02 1.722017307027054467e-02 5.089393119303977503e-02 7.850503417092473402e-03 3.087650129647643779e-02 2.511125091295019970e-02 1.846036411038798342e-02 1.021308016476778491e-01 1.226941544297381094e-02 9.294984222121958906e-02 1.083176006867091340e-01 2.158094147578258626e-02 3.595547247107884481e-02 1.621116596797768719e-02 3.265742434223734697e-02 6.089652949148715438e-02 1.189832799279679984e-02 1.301261830492227677e-02 2.229621694671969287e-02 9.446606710423854913e-03 7.526867204153359601e-03 1.202280429691057403e-02 3.958754866860999394e-02 1.166623619495461839e-02 1.482640524272365035e-01 2.718508676778298890e-03
2.895564808375621427e-02 4.992246922242932206e-02 4.070002319634914711e-02 4.668548589097224616e-02 8.647613403295364293e-03 5.948800449104200624e-03 3.542870517404492908e-02 1.238873257441309994e-02 1.371722123911314761e-02 1.127425987437402632e-02 3.032208790248813648e-03 1.072461690267208917e-01 2.639609764115537910e-02 1.172326039041786741e-02 1.084361871601697939e-02 3.059583784974645448e-03 1.469699555983372367e-02 3.002973728710755033e-02 1.115175625644131280e-01 8.437580445839502896e-02 8.190757435076327642e-02 2.090360854088991679e-02 4.874250216023159887e-02 3.218924436589262056e-02 2.596673736156463949e-02 9.433095011761309656e-03 1.242672408817610957e-01
8.559186730319488789e-02 7.350796259841164797e-03 2.636057469837453648e-02 1.854261541132340776e-02 3.705845441956987646e-02 2.098467699713356394e-02 2.209894730565504714e-02 1.860532331780581985e-02 2.386868328838442042e-03 3.016774058779778112e-02 2.757330765199973027e-02 1.537973431494647769e-02 5.572182331070636707e-02 5.791171969443133921e-02 2.750185383592110289e-02 7.802316967034732265e-02 1.263687515143741349e-02 7.382095295100694725e-03 5.194275990238625407e-02 9.596183112719394726e-02 7.338211744361657247e-03 9.705459264916581341e-03 3.162509391245486856e-02 8.197741409400381707e-02 1.086256670757029114e-01 5.593639844048488990e-02 5.608720884070021381e-03
2.693440927480710359e-02 3.412789288286109668e-02 2.329834142077968906e-02 9.629677991070636697e-03 1.406098414195281745e-03 1.816609460357064554e-02 1.677630351173411624e-02 2.845590325485585978e-02 3.111471875599310447e-02 1.363285095646085861e-02 3.676202794849386252e-02 3.398867516189990612e-02 5.948027082606299754e-02 5.876490051855472879e-02 1.039294953390874562e-02 1.337180060844367704e-02 2.776185457731752959e-02 2.690671150254634811e-02 7.495041809265765020e-02 1.368137966913740844e-01 1.535832302176942665e-01 3.045406646741941059e-02 4.288941888979545813e-02 1.376133501819459121e-02 2.921789657708196222e-02 1.364371712072243344e-02 3.371463918150405248e-02
3.700052631698321631e-02 3.464320056240167978e-02 5.535591771199514094e-02 2.311119624793207469e-02 1.414640326271036745e-02 2.235612996903153793e-02 2.353044661853175706e-02 6.259549433208691505e-02 1.558387548209458871e-02 8.348381855709620381e-02 4.618044609614007506e-02 1.897569802225908264e-02 6.423930848407646832e-02 5.981529128940821227e-02 1.608213078839406188e-02 2.126474103446670746e-02 9.404596197603870208e-03 2.575545682369389036e-02 5.233639905624360572e-02 5.916232709759624425e-02 2.051523986830211879e-02 3.333968209358266488e-02 2.393571047176866473e-02 3.338457546337347814e-02 4.108907203951465970e-02 6.084940625214364102e-02 4.186290986056915436e-02
1.293605815115399411e-02 1.435712272209179602e-02 1.997520270098084028e-02 5.599596513472540615e-03 8.284001017057179492e-03 4.070771469986128599e-02 2.464213613726076030e-02 8.161087654366597222e-02 4.525063505113974260e-02 4.442796578100589172e-02 1.607209812637205859e-02 5.896128583635938669e-02 4.103291281345545355e-02 3.708646475219765787e-02 7.288143686482595127e-03 2.731995806547122142e-03 2.661149252673482637e-02 8.397029426173883981e-02 5.543038900835699917e-02 9.668054579174112373e-02 2.101925696426080667e-02 3.360694410638750268e-02 8.727859174774812989e-02 5.612381189147173238e-02 1.719778468503149749e-02 1.832247912216252578e-02 4.279419955526159863e-02
