6.649975829213143619e-02 1.423449258431548932e-05 1.054990541402259403e-04 7.890915128467081185e-05 8.935085414328449400e-08 2.634106217754328232e-03 5.933738698156468218e-04 6.036069392893467759e-06 6.314385523369613340e-01 2.064133233242892562e-03 5.382874319372776438e-04 6.046890513354007167e-04 4.281573001708959794e-04 4.142380328368041719e-05 2.768403800818936781e-03 4.072220727337610697e-04 4.200600060803975244e-05 1.801639657271298864e-03 4.001695620329182354e-05 4.919573176280254806e-06 2.556726708415814620e-01 3.350136098051486461e-02 1.366867134912210055e-04 5.248182227194873300e-11 4.844156644938706026e-04 9.340803173606608372e-05
1.207652404164870222e-03 2.103061463607019347e-03 6.224406914568828553e-01 2.002336154845068110e-05 2.693028543701414383e-04 4.689449635502423303e-03 1.096500777845586631e-02 1.577373833752693401e-05 1.100841408359238410e-02 1.054761083251674414e-03 2.432329850623791631e-02 3.140586161284494014e-04 2.361117940107030147e-02 1.330173674556135201e-02 6.334965101130533328e-03 2.478128988577293351e-05 2.952150633233674437e-02 9.912360075514030193e-05 1.787703509883973880e-04 8.311522690489709450e-07 4.053472930834745025e-03 2.306141723848789959e-01 6.075252479931268019e-05 5.168759668315104254e-10 3.794274054359550973e-03 9.992938632174463640e-03
5.123303497016720617e-05 1.334757944933168442e-04 2.598247608759381416e-06 9.267390035855799582e-03 1.210664601552986570e-05 1.302598229969178763e-05 2.490228053480269838e-03 1.495366412284729069e-04 1.739641111759728095e-03 1.588204374091401697e-03 1.325688165158654327e-02 5.909372953853130354e-04 1.211009105469366791e-02 1.580028761594172307e-03 4.804755617056232679e-04 8.821729973752268084e-01 2.115119416413107495e-03 4.270490294641988050e-04 2.475768254673419984e-04 2.355080232822914441e-03 1.288174920190002064e-02 2.193279557047358996e-02 9.449261453392605176e-03 4.434164473927672200e-06 2.481482228569606083e-02 1.332601979008243441e-04
4.840461620920671654e-04 2.133335343366189463e-01 7.182061730221113828e-07 8.952563620692048944e-04 1.729928408792947222e-05 3.469125677136125074e-01 1.754278467444008371e-03 1.107893888585901873e-06 6.425613120161006997e-02 1.174069871592412627e-05 2.944018183814110269e-03 3.401438020323464123e-02 1.605447205571371716e-01 1.726681539988958371e-03 2.297891632727375253e-04 2.769862659715005616e-06 1.645349535985626832e-02 1.197678563177248116e-04 4.695172608708271349e-03 1.759033016321137708e-03 1.329581239857657027e-01 1.683348336260214947e-02 3.168601220151369250e-05 2.747513118463681221e-11 2.539605767176176989e-06 1.765832856525335618e-05
4.265008444080797129e-02 1.077663572178614139e-03 8.900425282979372577e-04 9.202711037736885369e-03 1.313633632915722901e-04 9.086538428846597029e-03 8.743811254807746722e-03 7.506849232041694407e-05 2.133066988430028579e-02 1.393752553952995292e-02 3.831710871717246020e-03 3.087333155370743445e-02 1.444801921463024531e-02 5.125337552871773311e-04 2.558824571332241516e-04 2.605711211003746731e-03 1.090905836062757393e-02 1.302354917417222193e-03 2.401463550430503208e-03 2.738734475651181249e-03 8.141832907423920407e-01 3.189337777057917132e-03 1.145998276109589363e-04 1.953795278056223695e-05 4.067862361196434087e-03 1.421092429238640610e-03
2.456296661103494709e-10 2.244515843701688686e-04 7.924347944265493949e-11 5.601218683615237258e-09 5.814142290731074180e-07 6.064029335365847335e-08 2.653400359506566941e-01 4.929380440345679695e-10 2.015131257374113356e-07 3.960137077537948146e-10 2.280831837734374854e-04 7.178231319122086190e-08 1.125823123765690701e-04 7.537605876223557595e-06 1.409060738716595582e-05 6.996524679695193614e-08 4.373751831966551310e-05 1.715877129980410628e-05 1.454872574032909371e-01 5.255503967364879570e-01 5.724874829320211918e-04 6.237122096248544356e-02 2.353147810784342482e-05 1.653335299602069998e-12 9.140985413696070362e-09 6.427129745804844415e-06
1.754547872659478985e-04 7.864349906418053107e-03 2.182778245711155746e-05 6.434199652368957287e-04 5.997045704828876707e-07 2.115048370389263546e-03 6.120683867168376195e-03 8.360299573116850166e-06 8.990446610867071364e-03 4.418267375673232134e-03 2.256924761430215357e-05 7.059306990683307959e-04 3.131035660242388326e-04 3.423941353743241690e-06 5.416639232486467919e-06 2.938830633891941131e-04 1.668914927271020581e-05 1.238442770876468696e-04 2.917431614173163993e-03 1.429185975769077055e-04 1.896569114019415470e-01 1.538412503720740752e-03 2.733021453769431293e-04 9.876912927449890355e-07 1.171748634405704939e-02 7.619092304491986711e-01
2.614351874850824544e-09 2.015433381504207146e-04 2.177721185602373533e-11 5.440953987640783186e-10 5.381150328405270807e-07 4.186503409489345801e-06 8.865281258115219609e-01 1.901211659007694745e-10 1.090441215723753366e-08 1.163125319875307803e-10 1.374057096633303011e-04 1.031963863844326592e-06 8.085967306062164656e-03 1.869701242953987293e-09 3.363087609542142383e-05 1.058457036402776888e-11 4.409086746192360175e-06 2.169313334265137021e-08 5.992517700439820016e-04 8.100848803923541008e-02 1.625998397103226034e-04 4.713651693736016675e-03 5.375531290252937413e-07 2.211603697133904099e-14 5.554053072219327747e-10 1.851859387368259488e-02
6.935191455440309870e-03 7.365974181683093876e-03 2.651515609157077766e-03 1.506540732564741730e-03 1.007350538008563003e-03 4.911969577503295589e-03 1.553074238898978715e-03 1.437662637065859788e-04 1.710348525011540777e-01 4.934985972220103274e-03 1.369300896477774121e-03 2.151025442780827180e-03 3.453380729109418058e-03 2.731901013454311744e-02 1.407941295044407848e-01 1.925517301241543855e-01 2.276819367192103871e-01 1.886393621161462641e-02 1.237657745123843522e-02 7.129247872127693862e-03 5.332301452653754117e-03 1.259139548519220275e-01 2.931070127528184396e-02 7.428557551590614348e-08 3.695374844233316036e-03 1.209713429936411806e-05
7.065811431144876364e-02 2.834784147488260235e-03 1.032824707738586312e-01 4.846225577578202291e-03 3.257461039496021161e-03 1.211018318907243069e-01 9.982491332767665093e-02 6.615617013556565661e-04 1.887914442069827670e-01 1.609489642878630389e-01 2.852786246198190582e-04 7.982264885401936863e-03 1.700457320318042240e-02 4.306762596992168811e-03 1.353223658202341861e-02 1.929974243871432002e-02 3.784765974689042328e-02 3.441901322533517937e-04 1.387230324598662939e-02 1.264435947991604005e-03 2.919946694947899574e-02 2.703591055064004985e-03 1.789283131430726131e-03 4.830017789481913011e-05 8.316391463025997466e-02 1.114822538734495244e-02
2.829297714596299904e-02 5.349389385343812815e-03 2.197455527423888555e-01 2.702035275471177667e-02 1.408350977522907811e-02 8.619275775959875374e-03 2.785607062056684458e-02 3.730536886803381171e-03 9.407116614636673244e-03 1.677329579784815616e-01 4.569118861147496158e-02 1.366496269400923891e-01 3.776100460524861591e-02 1.869496637466797062e-02 1.080789217729938301e-01 3.103136263755244123e-02 3.292907713003592881e-04 2.494001318664800741e-03 2.439300780338956741e-04 5.125025945395513460e-04 1.786601594332997214e-02 6.479604792281444536e-02 4.094327099576119521e-05 3.754461196039914615e-04 4.928624265182838735e-03 1.866838709341939878e-02
2.541030918798439461e-04 5.440988906440441530e-02 4.941162994771668713e-04 2.729493446849039565e-02 5.520062969851165799e-04 1.880854406018437480e-02 8.125536074188212041e-03 1.071308883465126559e-04 4.787580298502192196e-03 8.481533609494696496e-05 5.196243673214664405e-01 1.453111734509830166e-01 5.697094401076051480e-03 7.903790671717354213e-04 7.746382509923997566e-03 1.621716294085736776e-05 1.092433773621557733e-03 4.217549209410169559e-04 6.083584514355380995e-05 1.326662183779876020e-03 1.068526518251023544e-01 6.067390101359622367e-02 3.529334494956402977e-04 2.506472770313775904e-06 1.711774329787837988e-04 3.494087329045541396e-02
2.333140012762626499e-03 2.815781174270461752e-07 1.502779132610580883e-08 1.398072185018293424e-03 3.326947954347590623e-07 3.763744744369612205e-07 4.591140770485704382e-03 5.359105819387149223e-07 1.176248452003067317e-03 9.214331913382756123e-05 3.255812526175431206e-04 9.030280687808174567e-07 2.657332514461526862e-03 5.523032014520375989e-03 1.938365036627113288e-05 9.695461372112247345e-01 8.805763190248346028e-03 4.786722819075623452e-08 9.965827901228171021e-06 4.648635594102043753e-06 2.792036314427118800e-03 5.716784760425695376e-05 1.884227870976006578e-04 1.062981040922226420e-09 4.766203790277641719e-04 6.700914673202881594e-07
5.103628610940124364e-06 5.786647068079319167e-01 6.967958757920416504e-09 5.947107972607751754e-07 3.799317671363890124e-08 3.574747827002447420e-01 7.102969284651447371e-04 7.259956305175817515e-07 2.924505534215920619e-02 4.325290818348098093e-07 5.566305163986677660e-04 3.672935615019956839e-03 3.036558580442282786e-05 5.059584874150774525e-05 2.502779146650524413e-04 7.603607444859024747e-08 7.887975358430100031e-03 2.093836344843443050e-07 6.108210749414999714e-06 4.522377971723975073e-06 4.536827848145347686e-04 2.069588482084308567e-02 1.017879988905907015e-05 4.753547087850740569e-14 7.950229641610163970e-07 2.780181198948754881e-04
2.963129289035808847e-07 5.769816961728463020e-03 1.905875927363950514e-04 1.211383046169245414e-03 3.511449389082845624e-03 1.564469684840034282e-06 7.868017578217264708e-06 1.992607975954427421e-05 8.928171941571135233e-04 5.782712488432688601e-05 2.640530475645083640e-07 4.103117202383292552e-07 4.399667324872904954e-03 2.768263182041649957e-03 4.794347503852153594e-03 2.963410076776243655e-04 8.244386133262827238e-03 9.482824435953998155e-01 4.243997657850027013e-06 9.535870430528263461e-07 4.191394255743834774e-15 4.891804484672359135e-03 9.717368501775768659e-05 5.256826627780834738e-08 9.565379304726122201e-07 1.455515583882314654e-02
9.554850844026575559e-04 1.127411185631320596e-02 1.146222506603092793e-05 3.393566689462998616e-03 5.925192972880563549e-06 1.368941327569293542e-01 2.234069183627644672e-02 1.110793480747146419e-05 1.862831098459907797e-02 2.011245682037367602e-03 1.796982182424565174e-03 5.437540975591551029e-02 7.593050319560326611e-02 2.336384246396543059e-05 5.842231526788187829e-06 2.766801204824329976e-05 3.160880707453157063e-04 4.714523388549458475e-06 1.467067136973497499e-03 3.258055530273856878e-04 5.172960659857874788e-01 1.488860868948056748e-01 1.428511338737650212e-05 1.118249995486130426e-08 1.663115379669140911e-03 2.340950696865844605e-03
2.130738435981147094e-02 4.235487109564262088e-05 1.412813987513689140e-02 6.184747868390643583e-02 3.960243997200285897e-04 2.156722793897412546e-02 4.935357815772489082e-02 1.439123937502423726e-04 1.107077540638548435e-01 2.702384292799368901e-03 3.742364441122063875e-04 5.437272795038062016e-04 1.399447667611526669e-01 1.953310284068239255e-01 1.589697910116013094e-02 9.056782445362130188e-03 1.008480490053536969e-04 1.432056608442438053e-02 7.685916060524236593e-02 9.453268790307160774e-02 9.773763118834823474e-03 5.455683124563610962e-04 1.518612216880481647e-01 1.315650813950115013e-03 2.816752487665756359e-03 4.530021462412324972e-03
2.810703172367071470e-03 1.729585186070298902e-02 1.077146851923313324e-02 8.182296898360547771e-03 2.674895144063843544e-02 2.791129974218357727e-03 7.870536963177429332e-03 6.416136848336233094e-03 4.202629242163194445e-02 5.783614546511123972e-03 7.074301707217751922e-02 3.561842752644612392e-03 9.695833163137698718e-02 2.764258800002718491e-03 1.802159545870376731e-02 1.177197731931268511e-02 7.177584900981559546e-02 4.735187373240921094e-01 4.316270804893466290e-02 1.962476401152943306e-02 9.891399045125548256e-05 1.524826732761761471e-02 4.093653189804655201e-02 6.311518986757657095e-05 2.128343340851793772e-04 8.402731861645143562e-04
7.995998703777279504e-02 1.028702686438384417e-01 1.751786586240628232e-02 2.265043772063658756e-01 1.356869294992574769e-03 2.315031484193794398e-01 2.198982944087753827e-02 2.310088411747038880e-05 4.933911740243897281e-02 6.177917011096294674e-03 3.359834719914316006e-04 8.535229782190230374e-02 5.729564118848743054e-04 6.245751178333436033e-04 1.699752827480272737e-04 6.645657056043019744e-04 3.712863092159246481e-02 3.505464974905333890e-04 1.182175232226445149e-04 7.423011606936902838e-03 8.197753754784030400e-02 1.590687463248505662e-03 1.002370256222345410e-04 5.109730953551072137e-07 4.612978518880390955e-02 2.180002368972148302e-04
3.948298719235421262e-04 6.271766387888346027e-09 3.587403471499084670e-05 8.078741849946564740e-07 2.122767394241252667e-04 2.847525374202908646e-02 1.868788216319163323e-02 3.615510847721220019e-05 8.336833336073799089e-03 8.409149523898371394e-04 1.163905548816330115e-06 6.088746680329006154e-05 1.299266983293235200e-01 1.367877448668403844e-03 1.746223401233083228e-01 1.690726320749573258e-04 9.665645024216341214e-07 1.647455130261768136e-05 3.778114259125602437e-04 2.502372593075275486e-01 4.961646966790818981e-05 1.815861649969585309e-03 3.833214041593022148e-01 4.180925487974150230e-09 1.970228911168967292e-04 8.147047998699395678e-04
3.862059055313594026e-05 9.567133854218416722e-05 3.508917180200728757e-03 8.277994585745147941e-06 2.531298716908058060e-03 2.962322872427085741e-05 1.631669178781871478e-07 9.670538109141180259e-04 1.712268478023972265e-02 5.091315188497820554e-04 1.704171503095661632e-04 1.457822235130153728e-06 3.154615040733564136e-04 1.285798457218955317e-06 3.921025260681646916e-04 1.354552020776686547e-03 6.404888555805679333e-03 9.150461533189625518e-01 2.550931227871860909e-04 3.703386591203884793e-06 1.029949018084954793e-09 4.726010376131366958e-02 1.803971796803671300e-04 5.274991648324950066e-08 2.504538404945690858e-03 1.298349341692358726e-03
3.117777587758485290e-04 8.528456613834455421e-08 1.115743156559019207e-03 3.790389309440464320e-05 9.432059009699838605e-04 8.199795333000694467e-04 3.050924856722540563e-03 8.121761717094652883e-05 2.182176389921913848e-03 7.199436516124789421e-05 3.130320438346583228e-03 5.304569476058686693e-04 2.195502904992315679e-02 2.290501705165842294e-03 9.278678889041873656e-01 5.925466907354660050e-04 3.307168266638597573e-04 2.231735077472657078e-03 3.219640812283789994e-04 6.111712657898008166e-06 6.645519568602872157e-03 2.208578586963829901e-02 2.323172732813013914e-03 2.206576951787343462e-04 7.508940005902938997e-07 8.518330495373186654e-04
2.545702581408843087e-07 4.161173574251917901e-07 6.565293591525648951e-06 2.343623746641032937e-05 1.579231346523269055e-06 2.138452739388998740e-06 2.911600599286799799e-06 4.833121454842151360e-08 2.485915342765442765e-04 6.098355003820568528e-06 3.188538284947663861e-06 8.791491267519849320e-07 4.565080123325947984e-05 7.838591065508147658e-06 1.698044358242242844e-03 1.166738763487477256e-05 5.717717103932948818e-03 9.706053162105173771e-01 6.946291427201825313e-06 5.798541042239928073e-06 1.881411527084921053e-04 2.139068620313847729e-02 1.596665418056093759e-05 4.326409256842808472e-11 6.534263237665544072e-06 3.584987109786849262e-06
1.555804937026007608e-03 3.688528597300015383e-03 6.635188111624259512e-04 4.516983964734228832e-04 1.264532682191834396e-04 4.948871778460565973e-02 5.284598688047718353e-03 2.792860747228275901e-07 2.730994794521247049e-01 3.785458919027933624e-05 8.903202125800764331e-06 2.971117392455983192e-03 9.458028976002061665e-05 8.393546094465110261e-05 6.633196166265162286e-05 1.505140092519601939e-06 2.330442577773465741e-04 2.800967929672587331e-06 1.567020337688766838e-05 3.219636789004236007e-06 1.002557752323541135e-01 9.421764031454767097e-02 2.169296390015123730e-06 7.051438767293750312e-10 2.614921369749545954e-04 4.673848799914507302e-01
1.124147270840295115e-01 3.289894199324202573e-01 3.595945059233403984e-06 2.623515359500274368e-04 1.553486795959704587e-04 2.368276686686502097e-01 1.718862758903158816e-01 4.884417657816493363e-06 4.197700950816334910e-03 2.608654753050729594e-04 1.206817223063999457e-05 2.437963664678754767e-04 5.796393179677010628e-03 2.705793203995290235e-05 2.398547696670169909e-03 1.318054427137333573e-06 8.080747602702574583e-03 3.467558816253189151e-05 4.202051113331269549e-04 3.119306154864498687e-04 9.542100725005263698e-03 3.044554694291310088e-04 2.155038741055055132e-05 2.174413284942512885e-07 1.607778557693214432e-05 1.177860192922519367e-01
7.131150248644155991e-04 1.827873299053580841e-07 4.178057628102309850e-04 4.371613862654347691e-04 9.527410280067946102e-01 8.880612669349986282e-08 2.816734754335006451e-04 4.885591295336362680e-04 2.721154266504462882e-05 6.704878031761783361e-04 1.538267658151090005e-04 1.675823997420634048e-06 2.848672002764728994e-03 6.516927482151456031e-06 1.201457068172445709e-05 4.813073818331131673e-07 1.138239135661804527e-05 3.208119741116117855e-03 5.580020035339937779e-04 7.144799679697583487e-07 1.295112033055148375e-02 5.000331020643488875e-03 2.594594971949969490e-05 1.683168923647837545e-02 1.876406135674676251e-04 2.424553109942584415e-03
1.452058014511881329e-04 6.066296699908892609e-05 1.231250008730057161e-06 1.017108077503763468e-06 2.003579945824474869e-08 3.820655990166097745e-05 8.706494462431291215e-01 3.427274638664984470e-08 1.280168903110331761e-02 3.976889683169873753e-05 1.826805122755896038e-07 2.845967781843508718e-05 2.289921658179707153e-05 8.318343105179220763e-06 3.236875008326273975e-05 6.132216130183120589e-05 3.163587187211835158e-04 4.639231139916726150e-07 2.615379274516841908e-04 1.155218324519406394e-04 1.205393605485310070e-02 9.866431487944833656e-02 6.401358683531310279e-06 4.553673799618270582e-13 4.081486482658873427e-03 6.091458267109050922e-04
3.662098033852327866e-04 8.563361592673656916e-03 4.655862020723678802e-09 1.342726755633504876e-06 4.715684096783620911e-07 7.277772719052559847e-01 1.883929953784137506e-03 1.231902943835894459e-06 3.088361980046016968e-03 1.172802384665466381e-05 3.675883316196192600e-06 7.475835551545007701e-03 4.048716565059650926e-03 1.743744527736744909e-04 1.408127353742697005e-05 3.872832445767310484e-07 9.854881120945771316e-05 4.005237204681937927e-07 3.520271430646679234e-05 1.312372597744538509e-04 1.585904878435045740e-01 8.584327628768165241e-02 1.509798629436385968e-05 2.116751838892789199e-11 1.009101848137858820e-05 1.864672411420399212e-03
5.736509929863253929e-05 9.359973841763880031e-01 3.255638749103812851e-05 3.973489722775119240e-04 1.092275818682549704e-04 7.625455186836703665e-05 1.380245522569667222e-03 3.360627076624410521e-04 8.613689821645023397e-04 3.985332273945520957e-05 1.349375117741398282e-02 2.121623798575957530e-03 5.751057780718210389e-08 1.679536942177350381e-03 9.944390988918631880e-04 1.327250905736540327e-03 8.724398242914312813e-05 3.572180317330688306e-04 6.132252625349490157e-06 7.095137445655301024e-05 3.372956932708752117e-04 1.997879891685505269e-02 2.207588839753019095e-05 1.075360339696931422e-03 1.915886572010688099e-02 1.731062727159709581e-06
1.008410551932223224e-02 2.003537684178672163e-04 2.845047813806772692e-03 5.675249590327113277e-05 2.655971391401437613e-05 3.168301349029221129e-05 2.092645028218739160e-03 9.766219497338937355e-06 1.993167494954427646e-02 1.443693985135635280e-02 7.557379997438974000e-05 2.413916290201443212e-05 7.173404834454047105e-06 3.780053953818496667e-05 2.087601724411598456e-02 7.335063424194636639e-01 6.549011609212369986e-04 8.010101485415661166e-03 1.218834811493764133e-03 3.808238781750724472e-02 1.684070832183416329e-03 3.165098519419442397e-02 1.915146997009107427e-02 7.527205269770383519e-08 9.529906787204692198e-02 5.530639793944489032e-06
2.308705260056676288e-05 2.690610573347578701e-05 6.022892466479511076e-08 2.552672281756262636e-06 1.363692362225804157e-06 2.332764300040575151e-04 3.833027065270824471e-03 5.689836098787102409e-06 1.252127844280940747e-02 1.664437771147613812e-03 2.561888112688510554e-04 1.670532032840270912e-05 4.381810695116725336e-03 7.466687339371391060e-07 1.005150022691932721e-05 6.273621648682701742e-05 2.953374656983720719e-04 7.683046949841713491e-05 7.480111609125488122e-03 1.641642722549517541e-02 9.082360572225516293e-01 4.346937232337549917e-02 4.788333209564913794e-04 1.619188498030673892e-10 1.738585278514924974e-05 4.897258391999002088e-04
8.692101899123458249e-11 2.483626639046957775e-03 3.634419749928916680e-08 4.726505305972207111e-06 1.521599172963424011e-05 3.479354797465630232e-07 7.414473346908014019e-08 2.721344895457404895e-07 2.747069835812377059e-05 2.167140803746837966e-07 4.784762487784820510e-10 5.736656063292751479e-08 1.558281673112523968e-05 5.217158130591125105e-04 9.905970332727677494e-04 1.912818829821989292e-06 1.723007276074439004e-04 9.953533145033442997e-01 3.209441283457685855e-06 1.512343059909574678e-08 2.543915306744882076e-17 2.336223754371881541e-04 1.508278361131123644e-04 2.186931304157209494e-10 1.503213722579740346e-08 2.484122068136802758e-05
9.567024959340371393e-03 3.047345948913499341e-03 1.054224993016107115e-01 2.733435310051199763e-04 1.273925031969312845e-02 8.132294200590589259e-03 6.260903625128486083e-02 5.702885994922117036e-05 1.910133059968453506e-01 3.504353140988087072e-03 2.209801916747601569e-02 6.177140161693706402e-04 2.741594103483757303e-02 3.155285352473895244e-02 5.573904017606167577e-03 4.595706505084860187e-04 9.942736076105436818e-03 1.469730266699143277e-03 2.609094359872177749e-01 6.665510734474239328e-05 1.578614865263933964e-01 6.503994282556037343e-02 9.318257648493157757e-04 3.647046407842542270e-07 7.930124116232657380e-03 1.176421370339897528e-02
5.655091577994226376e-03 2.024185472369443434e-02 1.117027351498901117e-02 9.745542075592372039e-03 1.163534278326804408e-02 1.583862771524057605e-02 3.248769319932055810e-02 1.065301325782170086e-02 1.057805926175418507e-02 6.511036427253092708e-03 8.021631834887587437e-03 1.643039677590122163e-02 5.418905627897764067e-03 1.685512787168194637e-02 3.599322435177823576e-02 1.207841094304891449e-02 5.723555950933371106e-01 2.508594528981013955e-02 2.561373705918015137e-02 2.089722175115190511e-02 2.919876258401806965e-02 1.963507232823740942e-02 1.698444382455070734e-02 1.134845843833372399e-02 2.409651795365052446e-02 2.547001373560646778e-02
5.362603814144837125e-03 4.534583899087520596e-03 3.243466961819969669e-04 3.914935448464271217e-02 1.416731563870076439e-06 1.097703752120509106e-03 6.955123541884951528e-03 2.624240420698223963e-06 3.426743631445163668e-02 3.940780576192714699e-03 3.212221233547323018e-07 5.575391538418386118e-03 2.015312119093347343e-02 2.623291442541915430e-02 6.734384458993603051e-03 8.067081064595433837e-01 2.549859411291422601e-03 4.455259973818860662e-04 3.991685844203690160e-04 2.895358653087395771e-05 1.815614192780733659e-05 2.650789486210980948e-04 1.692120284766541525e-05 4.047422115260786969e-09 3.523530604005358641e-02 8.126933802645137637e-07
5.315861633979078503e-04 2.092409210770494743e-01 1.034199130363961175e-02 7.066789606450339135e-03 1.295266271308009309e-01 4.804096928278303179e-04 2.487755625426726978e-05 1.650412396476646712e-02 2.046377801989495804e-04 9.607686524619333049e-03 4.646154813979673504e-02 1.816794443038077453e-02 4.168718700960774093e-04 1.179918348785190078e-02 7.776200626767865512e-03 8.557828089186860984e-03 8.931482374771131799e-03 2.503523992262483150e-02 1.180944763705844489e-02 2.656292799130383422e-02 1.562585359433352238e-03 1.154844985093587788e-03 6.615537116222198642e-04 4.441776488733018557e-01 3.306341948183707299e-03 8.869975252168316334e-05
1.155241147583160638e-04 1.573079590774418384e-08 1.414017509870917022e-07 1.161901974960498869e-07 5.508977221793468237e-07 3.551015605422103764e-06 8.640342642313256910e-06 1.166338262076548110e-06 1.979933192787314885e-03 1.781065553321419171e-05 9.416285436658452452e-09 1.026325841793268650e-06 3.160828153404858553e-04 1.329611973948529533e-07 1.844437245602956568e-07 7.355533346100014868e-06 1.770643194397459117e-07 1.142621295489512976e-06 2.796389208291041178e-02 7.633211586665916574e-04 1.700860631661402569e-02 9.408143456956700014e-05 3.828902033560722040e-04 2.285959693417800584e-09 4.663536826668905448e-03 9.466701086298487944e-01
3.198202742449223444e-03 7.752708625376126183e-04 1.185193131671534184e-04 6.905830004366020521e-03 5.582671940626032130e-04 2.182388905274228186e-02 6.719381855902301255e-03 1.061871537267340248e-03 2.178552205276823150e-03 8.993115283903953174e-04 1.477292687578652952e-01 6.216690749670866073e-02 2.731233002254397635e-02 3.839486004563147196e-04 3.321666281891451290e-04 7.719894115995210113e-04 2.044962389984813361e-02 7.735954715724887090e-04 2.110213986716916613e-03 2.892108488187603195e-03 6.383026241792424393e-01 4.857885267612512686e-02 7.989848848719353610e-04 5.768817343533107943e-05 9.828264341437656544e-04 2.117774592331644022e-03
3.101409962505931317e-02 5.406528743783149508e-04 4.441739756408095707e-01 3.314566005259369022e-03 4.325818107758265356e-03 7.721687430401699692e-02 6.993843978212751058e-04 1.788509610266795190e-03 2.472217441253765288e-02 3.756118999099904848e-02 4.893921406002128827e-02 2.630927932301150088e-02 1.048557204052558284e-01 2.383133304699086227e-02 7.395850156686389378e-03 3.133003819076339395e-03 7.687108871448178164e-03 1.808719000591263101e-02 2.648765315356529579e-02 2.331785699407312729e-03 3.824421482794543303e-02 6.419649522812991005e-02 1.651899191134706228e-03 2.093795932421690280e-04 9.910617789276254200e-04 2.915658703379581476e-04
2.954036873199958682e-03 7.011424992830916805e-05 5.184996151002561060e-01 1.361780906215094247e-05 1.201034224982916134e-04 5.420849664558861409e-05 1.335782184719050969e-01 2.235581033893565750e-05 5.218713203416381220e-04 8.741987047158480961e-02 8.692470928009256564e-04 2.717619088425656231e-03 5.900782717785556242e-02 5.598662749300864104e-04 8.991807035693548964e-05 1.338226876921992951e-04 5.556786045254410869e-04 1.289754533186564647e-05 2.672448117373428262e-03 5.974938585345405274e-07 5.564212677618893092e-03 9.436626270058930122e-03 1.059371223411417328e-06 1.759365753555990915e-08 1.081258839826023666e-01 6.699826592592707242e-02
8.692101899123458249e-11 2.483626639046957775e-03 3.634419749928916680e-08 4.726505305972207111e-06 1.521599172963424011e-05 3.479354797465630232e-07 7.414473346908014019e-08 2.721344895457404895e-07 2.747069835812377059e-05 2.167140803746837966e-07 4.784762487784820510e-10 5.736656063292751479e-08 1.558281673112523968e-05 5.217158130591125105e-04 9.905970332727677494e-04 1.912818829821989292e-06 1.723007276074439004e-04 9.953533145033442997e-01 3.209441283457685855e-06 1.512343059909574678e-08 2.543915306744882076e-17 2.336223754371881541e-04 1.508278361131123644e-04 2.186931304157209494e-10 1.503213722579740346e-08 2.484122068136802758e-05
1.083428935812118798e-01 1.069218422098397470e-06 5.461286818074222063e-06 3.114367098427225022e-05 4.516795936670897715e-06 2.945145324451490729e-02 7.337370581387210903e-04 3.545712944309792623e-05 3.953580901727351549e-01 1.049296849232631001e-02 9.388904384290438609e-05 2.461782880171254489e-03 5.988348982096996370e-02 5.059669667182198692e-06 8.392667126487755869e-02 2.804174415746922189e-05 1.520144888768979975e-05 1.452301173312108104e-06 1.313320864093024281e-05 3.539658955443031313e-06 2.831793930549029170e-01 2.356333957039071988e-02 1.158826260316071549e-04 1.253307407766180898e-09 2.008953040160679424e-05 2.232242273090877770e-03
3.057183236940156169e-07 1.137008850437005811e-05 6.236391946638172648e-08 5.406470299018212831e-05 2.299666854914704125e-08 1.411824005174638310e-07 9.986559483443275820e-01 2.006414764926678588e-10 1.401026130248067558e-07 7.258826718390501249e-07 3.319856348463460659e-06 1.605934038229150202e-04 1.133160863518887037e-04 8.728243225169126667e-08 7.516574849783541436e-09 7.081501025699958906e-06 1.669307210246166569e-06 1.537569424334427958e-10 1.842652059256055417e-07 7.970781155079900959e-06 7.715669649024389874e-04 7.342894226576395216e-05 4.134872764091266745e-10 3.461451252617971176e-13 5.984574152128628913e-05 7.814620053216204975e-05
1.119384456217807660e-04 1.597499858434392201e-03 2.673255516759630460e-06 2.048953932364264358e-06 1.264889638038541758e-04 1.205093556260288488e-02 2.704466649800354311e-02 1.147452608413052473e-04 1.079879217960839216e-03 2.669554138277180052e-04 1.625900921914164151e-03 5.896771970895851867e-03 1.211414237077708816e-01 6.645073034387550814e-01 1.095744475562075715e-01 2.645323876164431686e-04 2.769544481267411574e-05 3.544067504645260748e-05 5.532095308216082759e-03 1.491291484276641155e-02 5.916502850549605272e-03 1.663769868755074141e-02 9.265416105644791803e-03 1.488358388843118911e-07 1.988314767476151754e-05 2.243992688194165926e-03
3.838216391858060433e-02 2.280434688155860354e-02 5.427858583060479270e-04 5.565775876856497587e-04 6.111443520890318983e-03 7.231953977871045935e-02 3.078563670719915504e-02 7.293503239459622062e-04 6.165445800110035818e-02 6.648529416538181362e-04 3.390471326155275467e-02 4.178496050226241862e-03 8.792767895264081562e-03 1.408067875477863988e-02 7.769877141951676662e-04 1.190745420400598283e-04 3.841253210177130589e-02 4.306243863001791845e-04 2.219917970365190701e-02 2.364336551783761291e-04 4.846688802314284561e-01 3.638159701372988691e-02 4.589665735947890670e-04 8.406741063145473569e-06 2.212122427415117581e-03 1.185873834281789829e-01
3.862059055313594026e-05 9.567133854218416722e-05 3.508917180200728757e-03 8.277994585745147941e-06 2.531298716908058060e-03 2.962322872427085741e-05 1.631669178781871478e-07 9.670538109141180259e-04 1.712268478023972265e-02 5.091315188497820554e-04 1.704171503095661632e-04 1.457822235130153728e-06 3.154615040733564136e-04 1.285798457218955317e-06 3.921025260681646916e-04 1.354552020776686547e-03 6.404888555805679333e-03 9.150461533189625518e-01 2.550931227871860909e-04 3.703386591203884793e-06 1.029949018084954793e-09 4.726010376131366958e-02 1.803971796803671300e-04 5.274991648324950066e-08 2.504538404945690858e-03 1.298349341692358726e-03
1.728112887911197873e-03 8.165519880964897115e-02 4.485720273380121715e-04 3.750361158705844272e-02 4.795493143436881361e-04 7.620273440249848707e-02 3.301735158613336527e-03 7.864491985622849325e-04 2.021917389649983410e-01 5.025567903726892030e-04 7.514798139325120502e-03 2.639358206810349036e-02 3.278773827895005606e-03 3.974303363960975111e-02 2.818069249043315266e-02 4.270091256247324218e-02 1.721487477260848567e-02 1.180817568870934104e-03 1.189527391009689156e-02 2.281108945474415867e-02 1.273928184512306272e-01 1.963968988842781926e-01 1.342691186663026552e-02 6.219179043541372635e-06 5.306877277688481359e-02 3.994271266426738937e-03
5.105004570141705861e-02 1.378601716974815240e-02 7.203114664773631326e-02 1.720919704415649065e-01 7.152926922395143328e-03 5.130730323596993658e-02 1.235801739025289836e-02 9.609062338490292898e-03 1.271401533955101582e-01 3.225335944820729300e-02 2.258504863186010930e-02 5.481155519996031705e-02 1.444223442803169340e-02 7.358541972329656067e-02 1.514105327547219174e-02 1.048797716476426445e-01 1.327264574643089064e-02 1.975700372504023139e-02 1.590537726451764222e-02 5.577701172115696708e-03 1.435541863073233962e-02 1.813879477803013313e-02 2.949443099439191633e-03 3.464010861037317840e-03 6.695274234606835018e-02 5.401776779032603677e-03
2.333140012762626499e-03 2.815781174270461752e-07 1.502779132610580883e-08 1.398072185018293424e-03 3.326947954347590623e-07 3.763744744369612205e-07 4.591140770485704382e-03 5.359105819387149223e-07 1.176248452003067317e-03 9.214331913382756123e-05 3.255812526175431206e-04 9.030280687808174567e-07 2.657332514461526862e-03 5.523032014520375989e-03 1.938365036627113288e-05 9.695461372112247345e-01 8.805763190248346028e-03 4.786722819075623452e-08 9.965827901228171021e-06 4.648635594102043753e-06 2.792036314427118800e-03 5.716784760425695376e-05 1.884227870976006578e-04 1.062981040922226420e-09 4.766203790277641719e-04 6.700914673202881594e-07
9.700407539499634720e-04 1.727624846479610668e-03 7.202749035375505954e-03 9.969042751034039654e-03 1.978702173024220971e-03 1.611183467310155876e-05 1.894649933007807596e-01 1.922103754576981937e-04 4.805662651279980942e-03 6.284960347753688718e-03 1.794238388918302485e-04 1.708598129736780538e-04 8.515991165138877064e-04 3.404436277607001998e-04 4.213557438173481245e-02 2.953846434476942520e-02 7.468480950803288443e-02 1.223999474705004566e-02 6.648827949971578000e-02 2.445610173028641421e-01 4.277184576316552488e-03 1.064822556404648908e-03 1.951982343719036450e-01 2.844194897919849059e-05 3.349383845384834579e-02 7.213491384243182758e-02
1.291433817071931632e-02 2.354104679976545648e-03 1.091973694090573037e-04 4.602981477660591549e-03 4.889715029778974009e-05 7.094230524586100234e-03 8.584835664673895158e-05 2.465120823265938189e-05 1.270219817213044944e-01 2.843105159259655987e-04 4.122561105124320120e-03 3.808586955661424911e-02 5.027668157839274565e-01 2.289771789719938500e-01 8.723759098797042796e-03 1.339406492266512346e-04 3.484775098562773463e-04 4.069715820529875173e-04 1.584742733174211542e-03 1.923343625244394121e-03 5.014521499436482010e-02 7.385576356281385937e-03 8.227990637528668442e-04 3.337535026509482797e-08 3.380161504097846662e-06 2.879425797579812218e-05
2.064084720934568351e-02 1.939434980601406275e-02 3.343134117018494605e-04 4.321704378077124292e-03 2.226014443882324759e-05 3.368122495704140712e-02 2.794229289584199897e-04 7.031844265286769052e-06 7.546953760985140036e-01 1.246346412187434674e-06 8.632019119308069824e-03 1.250698893517080031e-02 1.945540161766812996e-04 1.507436178559994934e-04 2.244299378570131787e-03 1.077223555879171957e-06 1.147926666284497001e-02 5.147582272476588540e-03 6.762146410561731524e-06 4.467295043926384671e-05 2.520869589309656517e-02 4.238427965306205275e-02 1.191328661342232675e-03 9.950160167031469410e-11 3.878860648831629625e-05 5.739116363893132650e-02
2.907303960696054471e-04 1.776664502175232252e-01 1.794636049084957094e-05 7.111623917043871255e-04 7.905057442903565956e-06 8.812781740575433009e-03 4.062385188355001689e-03 5.256588481668038272e-05 6.345790191352579379e-02 3.835462546095763864e-04 2.448244857451750342e-02 7.582903416855986400e-02 1.007539744718004282e-03 1.279954559606834352e-05 4.101592912669802080e-04 7.215062373151872634e-04 5.982127625275476118e-02 4.548977604091468689e-05 1.877619376548949920e-04 3.274245247277284693e-02 5.189729462908325708e-01 2.023677637382640532e-02 2.836656450950538746e-04 1.944415446989003995e-08 2.477754278320137317e-04 9.534973411949075953e-03
5.655091577994226376e-03 2.024185472369443434e-02 1.117027351498901117e-02 9.745542075592372039e-03 1.163534278326804408e-02 1.583862771524057605e-02 3.248769319932055810e-02 1.065301325782170086e-02 1.057805926175418507e-02 6.511036427253092708e-03 8.021631834887587437e-03 1.643039677590122163e-02 5.418905627897764067e-03 1.685512787168194637e-02 3.599322435177823576e-02 1.207841094304891449e-02 5.723555950933371106e-01 2.508594528981013955e-02 2.561373705918015137e-02 2.089722175115190511e-02 2.919876258401806965e-02 1.963507232823740942e-02 1.698444382455070734e-02 1.134845843833372399e-02 2.409651795365052446e-02 2.547001373560646778e-02
6.968671009041510662e-03 1.305530345830178962e-02 4.718889678696619585e-05 5.278198853060122247e-05 5.017916520012252191e-01 1.787267038909700484e-02 4.889273922111966831e-04 2.542101954800783528e-04 2.384090134514877703e-03 3.179979555968852974e-04 9.249775272772831460e-04 2.757412222724667911e-05 2.076173725077002374e-01 8.642304698743850716e-04 1.678520793354202234e-04 3.300431666713982364e-06 1.198477927985174968e-01 7.544596026283811917e-04 1.060307320813352189e-01 2.907854988774122556e-03 2.934258433112793595e-04 1.638641427991920432e-02 8.281876691134150426e-04 2.575674513130643338e-06 4.214171568508006865e-07 1.093350858634002209e-04
9.714361279186092130e-03 3.410852942533084001e-06 2.107016120838627718e-07 4.570774822103907190e-03 1.182933199863638157e-06 4.310377168570573178e-07 2.010050502756309532e-02 1.536379411035331946e-07 1.273705534032261531e-03 1.638115351922146364e-04 6.290979782115589127e-05 9.937801011804422026e-07 1.634348473057348813e-03 1.173360751098018228e-03 1.848598661621739467e-05 9.365692201547298756e-01 2.148048042599867702e-02 1.787825287599069153e-08 3.261318345083689782e-06 8.894729463743908789e-06 1.435571445027088167e-03 1.497115631956035672e-05 1.448180756304504513e-04 1.275914531112896766e-09 1.618159388243079920e-03 5.958001891223256436e-06
9.714361279186092130e-03 3.410852942533084001e-06 2.107016120838627718e-07 4.570774822103907190e-03 1.182933199863638157e-06 4.310377168570573178e-07 2.010050502756309532e-02 1.536379411035331946e-07 1.273705534032261531e-03 1.638115351922146364e-04 6.290979782115589127e-05 9.937801011804422026e-07 1.634348473057348813e-03 1.173360751098018228e-03 1.848598661621739467e-05 9.365692201547298756e-01 2.148048042599867702e-02 1.787825287599069153e-08 3.261318345083689782e-06 8.894729463743908789e-06 1.435571445027088167e-03 1.497115631956035672e-05 1.448180756304504513e-04 1.275914531112896766e-09 1.618159388243079920e-03 5.958001891223256436e-06
7.279832241891838127e-03 1.078540956740849967e-02 2.922997626800507751e-04 9.425183666053265990e-05 8.125802705676966680e-05 6.283872474315281564e-02 2.534943054447423225e-02 1.077384143028812179e-04 5.479092908152582292e-02 9.789681155070249774e-03 1.919735276105277093e-04 1.396586301911390861e-03 2.049685880304511626e-02 9.399909812653639172e-04 5.544500021761385178e-03 1.714298586703735079e-04 7.629620444258743417e-01 5.252727160208339003e-04 2.555291905180880670e-03 4.517919516644168867e-03 1.461946962970930505e-02 5.886388109917242185e-03 7.380103370410239644e-03 9.499098797645453170e-09 6.298390162991477801e-04 7.727669423571060115e-04
1.098023790934695234e-04 1.998065975741516854e-05 6.077397353298973161e-08 1.530031390666638868e-07 6.239912066687544801e-07 2.983930615315505668e-03 1.221834713952657941e-01 1.585206465264220801e-05 1.044230752129002120e-02 1.401467680936925413e-02 7.018824985019142876e-06 2.015088923339670096e-06 9.363039415391108476e-05 2.646362503990234986e-08 1.479308037556123880e-04 4.786851570264782072e-04 1.724449724895565743e-03 8.804960465855419028e-06 3.820740370224790915e-03 6.324781224435034599e-03 1.751583931281456008e-01 6.414785710286597942e-01 4.774241408866558047e-03 1.938641702783317551e-10 1.613209746287937174e-02 7.775455203037132644e-05
1.721936859403281410e-05 4.085606163155920179e-04 4.356101450570612097e-04 1.820615095728483011e-07 6.066666950971783922e-05 5.547929942021229279e-05 1.322550961866219427e-02 9.518878460577936972e-07 3.141394093502496290e-05 4.638848482857885154e-05 4.767755235588114459e-05 9.256041703505106666e-07 4.060790780736741527e-04 7.394295931630639152e-06 5.111617225621779446e-04 3.099601848336952449e-05 8.638033219138667451e-02 6.999183760177862736e-05 1.061521726458259374e-01 7.809985203995541969e-01 1.648620212516072612e-03 1.070549243838853689e-03 7.843327879515594667e-03 1.989721120950891156e-08 5.409210288117897395e-04 9.328299482928385100e-06
1.223574903501633247e-02 5.162076260242670633e-02 1.132967947201443280e-04 3.978252386311168540e-04 9.624224948910974770e-03 8.428851378238615133e-02 9.221757319258887253e-03 8.535596031992737781e-04 4.306216400885064591e-03 2.592534781718029680e-04 4.607977007954461302e-02 1.284839099431550960e-02 3.043354798478282164e-01 1.081968705735515505e-02 9.204906965389541640e-04 6.013027478610505230e-05 2.004492928346895131e-01 1.980430783026818770e-03 8.558317518695168769e-02 7.471339640586191315e-03 1.358556535575831115e-01 1.602920051804158919e-02 1.517028556050738350e-03 2.393097226937720004e-06 1.042660948347485009e-04 3.022111577033592851e-03
