2.120039424116115095e-02 2.621453222349960990e-02 2.530869211642555044e-02 1.126114755032183931e-02 1.336832043093171213e-03 3.699586604758857422e-02 3.539266095772525267e-02 1.996142599386365249e-02 3.554103794865728916e-02 5.321233368627226179e-02 1.772879576609422136e-02 7.842646337731877179e-03 1.400832882094253662e-01 1.017630100230208917e-01 4.626499594344432587e-02 5.737202012287208851e-03 3.296012353747009710e-02 1.394111730584677959e-02 8.619821382928534448e-02 1.015969823350895557e-01 3.265804348879929736e-02 3.775457364125637399e-02 3.097467947373556615e-02 2.658340573393424416e-02 1.904550761286222249e-02 1.437491257387474471e-02 1.806757936723352512e-02
5.223102297045899463e-03 1.851424536852008763e-03 3.220211996436047990e-03 2.826136818472720948e-03 6.113455929726067245e-03 1.345054221747573331e-01 6.046947669210457621e-02 3.308255813305529397e-02 4.588710649802736977e-03 1.028407937662837238e-02 4.931517729039903292e-02 4.447119512540463767e-04 1.383905298099030561e-02 1.861422908817406685e-01 8.323946067245824310e-02 3.844255661867469753e-02 2.090706258756116695e-02 4.364160028782843037e-02 3.498414327981782396e-02 1.928449091172943636e-02 5.507086446145984318e-03 3.117174097204840691e-02 1.448681264607337704e-01 2.349542290715647772e-03 3.606899793538232563e-02 3.641356849344463357e-03 2.398802297829466176e-02
4.933074170284124094e-02 2.267080295050012337e-02 3.705968549816505281e-03 2.658221585399655681e-02 5.865563652753080087e-02 5.215344775843673564e-02 5.453157585508457833e-03 3.877472932758734003e-02 1.333664051026390435e-02 5.438249277229869304e-03 8.964984203207364624e-03 5.133463808355761236e-03 5.871189453101959693e-02 1.629933371903953196e-02 4.003980918850982840e-02 5.398160074956411892e-04 1.372388912089859275e-02 3.643533276034738866e-01 1.754550052272170826e-02 2.250328433240424489e-02 9.739352545727586116e-03 2.273802387012848966e-02 1.536771094548638507e-02 9.554017425911211182e-04 1.295823315134485634e-02 2.622775845456771018e-02 8.809662620931603405e-02
1.273676334638984336e-03 2.654350255336091480e-01 2.381289358825629254e-02 2.674957874291419291e-01 3.494786263724132969e-03 2.013517132818127414e-03 1.477219534360253196e-03 9.900943635184848018e-03 5.222391280293180171e-02 6.996956861021560829e-03 1.354531957085879090e-01 2.276024198871294882e-02 1.449529592354268856e-02 1.675453220377256082e-03 7.095439249715970731e-02 3.569208134273481477e-04 2.338936183869326849e-02 7.710046347117808369e-03 2.438351488229874124e-03 2.183089366210955260e-03 5.119615439475920515e-02 5.707402436228958646e-03 1.114417921184507679e-02 4.173765287212319536e-05 1.566296411149289481e-04 5.123787551332010734e-03 1.108904080410087409e-02
2.078788550573872074e-02 2.017711890816546727e-02 3.140648004446445346e-02 8.595213928160812256e-02 1.012503350754664043e-02 1.362679207481983824e-02 2.351045306533228185e-02 2.182913056010883993e-02 1.298065182467164624e-02 2.415734101429428335e-02 2.026709053914738448e-02 4.564983491632603613e-02 7.288296073613223514e-02 2.050804372494489242e-02 1.287464566291063039e-01 5.000327958030576062e-05 5.922010028723086877e-02 4.228244217617323913e-02 4.716688734139672101e-02 1.559168324270054050e-02 1.973353491007955041e-02 2.831218953459058510e-02 1.055260505346208300e-01 4.692815000167072093e-02 2.478745525215710760e-02 1.021073924310062983e-02 4.758335186429171748e-02
3.401540739210329872e-02 1.704714915652034632e-02 1.309317120435405084e-03 2.402915267611968001e-03 2.953673146309558303e-04 1.394731239052681045e-03 8.973102770031091569e-04 1.930732622988124954e-03 3.502506244913401474e-03 1.252659453332254265e-03 6.290006525056132365e-04 4.282905455192241584e-03 7.080752474510192476e-03 6.329517299523463106e-03 2.576811398816044024e-04 8.257633506931498779e-01 1.060526410136083519e-03 5.553638287494331357e-04 6.813288230447111724e-03 5.474138796291110227e-03 1.820548294095814673e-02 6.822741697829572995e-03 9.250234584577120625e-03 4.613940344982297471e-04 6.611654890256406583e-03 3.505036299888952128e-02 1.303507784012771127e-03
6.455646146123516279e-04 1.498593950071945222e-02 2.260069432337829046e-02 5.014671887609627350e-03 4.444786843374475688e-02 2.245201602445778648e-03 4.513613161415911540e-02 1.119149371567054047e-02 3.761142771350957370e-02 9.530646474852074584e-03 4.432246094169093893e-04 7.965323780120447256e-03 9.488149411680917023e-02 2.124470771229178614e-02 2.429921905869857892e-04 1.168984497154422177e-04 7.742213250883667533e-03 2.239828049427316364e-02 5.949266539664090775e-02 4.539355355899551275e-02 2.661620390836016425e-01 7.467586315166270527e-02 1.602767719190149043e-01 5.214532700414930286e-04 6.327413910139929182e-03 1.388558788166561683e-02 2.481987734343834434e-02
1.462727201319216110e-02 1.322336753633907847e-01 9.635399063549168102e-04 7.702080801988138437e-02 3.873105264883027754e-01 7.263911974282952341e-04 9.839023792874065900e-05 1.578364649010022226e-03 2.124438904966848354e-02 1.505151967661904526e-03 1.966524484453189420e-02 1.198752634352094337e-01 1.691409645489712343e-02 2.090473907687432839e-03 2.542958759118162104e-03 7.212199704328811301e-08 4.834170712877144949e-03 2.817515507258725946e-03 8.839443195169330997e-03 3.334436501732521499e-03 5.759213644384984093e-02 9.622595678678261266e-02 1.410561941839657413e-02 2.000824443290699292e-03 5.244679404950195693e-04 3.609928473239405657e-03 7.718882160647620033e-03
4.022886198004143286e-03 3.636780015696831035e-03 1.742957575432492945e-03 1.522030619219340471e-03 1.023266232240760746e-04 2.595563137146829433e-03 3.838205198164448828e-02 1.229063016167894658e-02 5.751452713025992924e-01 8.426955111570422208e-02 2.103264265732668597e-03 2.254618389728481158e-03 1.034993083750291795e-02 2.164551068057680647e-02 1.035954726423173738e-03 3.353174696471523681e-03 8.244701340289036645e-03 2.892679579311453752e-02 2.249321316570288692e-02 6.231580088479156745e-03 1.713901403532594155e-03 6.332081008487266960e-02 3.353555076161170503e-03 5.829890458546333615e-04 1.252429829944828790e-03 5.364938455564702280e-02 4.577813728961529355e-02
2.728363490250388605e-03 3.003211922025883582e-03 3.503504295856527812e-03 5.038088164764560097e-03 1.072155968436482249e-03 4.113946868015846969e-03 2.851722343691938518e-04 1.810400153106013835e-02 2.010447902765978567e-03 1.325434271156590788e-03 4.668706065487447502e-04 3.438918415862451256e-02 4.636751017803570907e-01 2.008610650734329872e-02 2.559179603732382804e-02 4.772978829062591379e-05 2.975436020193436039e-03 3.063664898587871444e-02 1.192425632357451831e-01 2.941031081098126332e-02 6.436665026267097273e-03 4.935122472083861705e-03 1.441863757344454267e-01 1.559053888165357147e-03 4.737623840443257184e-02 3.057398668999613319e-03 2.474307122561774860e-02
1.404522755442503754e-02 1.667759902564076510e-02 1.585829102773185506e-02 7.938602130900139150e-03 4.390270875656045006e-03 1.055130912695871268e-02 1.855369376798587377e-01 1.552887045110932021e-02 3.013377697700771185e-02 2.744956916217159218e-02 4.435370744869893134e-02 4.832149046858040878e-03 1.003575624233022379e-01 3.312153531131355882e-02 2.236590333848760895e-02 5.445303240691906236e-05 1.263758547701023839e-02 2.958264193968917002e-02 7.155399001570493522e-02 2.294677757245674674e-02 3.945171495264788997e-02 7.251330640365515057e-02 7.543706581499624864e-02 1.466334156071997553e-02 2.520057437096478656e-02 6.477537677912985348e-02 3.804186050049777196e-02
6.499992081043016491e-03 1.576789067499359889e-02 6.628595555634931441e-03 1.337189297490819911e-02 6.069863425953525050e-03 7.472995054581581947e-03 2.772349858584627694e-02 1.999511249163469020e-02 1.590462453158483433e-02 2.193454997839386703e-02 1.387403827394156387e-02 8.995740020278412963e-03 3.721089826562413300e-02 6.524181203712085819e-02 1.863005078723944594e-02 1.569151344808097188e-03 2.733010797536134656e-02 1.845560845518585957e-02 2.432547073223356171e-01 1.083991573699707861e-01 9.611430811241453154e-03 1.000774072096790729e-01 1.350250877351883705e-01 1.260306898126598192e-02 1.688705677294873031e-02 1.187466845593127505e-02 2.959099282730458941e-02
6.065763354929491064e-02 4.137519880505115266e-02 5.141509692906480467e-02 6.043246598768492461e-02 1.104274616840291746e-02 8.233393743114564983e-03 1.981675868873622372e-03 2.487421236295755261e-02 5.973559134428656388e-03 1.288694469944301306e-02 3.560659087708904075e-02 2.737201652746650352e-02 8.276594749781504556e-02 1.553022093554791948e-02 2.052847901770592232e-02 2.921179040641493779e-02 2.878378480624882441e-02 1.928663511504325606e-02 7.011944094026804908e-02 8.056125926400292681e-02 4.820638190591139405e-02 1.537634243430619288e-02 9.939220131031728522e-02 9.650116310538857031e-03 7.623707542607298382e-02 4.211817489077280402e-02 2.038061508616193646e-02
2.447863736124775819e-04 2.617479666290977499e-03 6.403704856766357159e-03 1.048292061971816498e-03 6.346409517803511778e-03 1.361551454858440230e-02 6.451288170545699252e-01 9.739335691580416204e-03 1.677425997346445805e-02 3.585071446945112435e-03 1.070984489008113168e-03 4.718915009744219062e-03 5.521724102361488806e-02 5.744685923861988022e-03 1.911285814417442103e-03 5.509926828264578028e-07 1.054521308080022752e-03 6.504679467580386926e-03 3.546322296226438187e-02 2.514740984665518250e-02 1.322267936541022225e-02 5.704781457887677515e-02 3.927666609505928857e-02 8.749735722708610697e-05 1.149352352113706217e-03 1.050743104857665769e-03 4.582807911695614689e-02
3.299659197289703944e-02 3.320787668828078815e-04 6.533358957958329376e-03 4.109760918095622592e-03 2.286940974866193740e-03 3.788093892789219045e-03 5.448770099002136049e-04 2.207107364810045880e-02 8.183294180563697052e-04 6.924368160205010905e-03 6.869132354495348369e-02 5.305366255078589749e-02 1.586646647284083687e-03 4.481213063463091589e-02 8.942817074492929660e-03 3.819130456237077205e-04 9.687185758748360215e-03 8.616948709008712126e-03 7.112141959742366952e-03 1.477537941767789091e-03 3.307114995341833147e-02 6.265055123382038099e-05 3.784414488929339123e-03 4.638500029959446436e-01 1.338139241525284351e-01 8.024516028656170086e-02 4.049159845942606095e-04
2.387254203391695265e-02 5.274770064114491647e-02 1.468584632304689198e-02 4.410312444409528188e-02 5.026853984899930239e-03 9.743320424823467829e-03 2.799050971621160674e-03 6.285334365795486322e-02 3.156157741209006384e-02 1.741757158078578380e-02 2.191873273295323957e-02 3.864407247558793862e-02 3.900835680278712941e-02 1.676909539338533248e-02 1.075993458223282670e-02 7.520425501680949240e-03 2.368875777371982905e-01 1.706273562948422071e-02 5.138548219652040727e-02 5.734338052106430911e-02 3.033406489654940849e-02 1.906873082828886012e-02 6.590362377816524897e-02 6.145325950235883995e-03 5.173773036689019444e-02 2.987888549256456638e-02 3.482091364003189055e-02
1.028265028009525467e-03 5.637295195352135142e-03 3.305240528740245685e-03 2.409179565293693374e-03 2.221125886146778632e-04 5.176684957460211782e-03 1.082926984798575484e-03 7.832265949625522028e-03 2.954118218214626425e-03 4.907489350190741978e-03 1.802087084141007706e-03 6.731791725705398542e-03 1.140968011705437851e-02 2.985163507386049547e-02 2.992214016272900330e-04 7.045497229451732624e-01 4.790092470614897013e-03 2.056169739012514864e-03 1.265172821815799785e-02 6.035884044234892699e-03 7.392853855031075727e-02 2.043721553791763221e-02 4.106837847272300918e-02 2.911243435449759141e-04 2.465218144472385367e-02 1.776541097539479502e-02 7.123559489502968335e-03
1.013559133256373632e-03 1.307898988254115578e-04 1.050629820899196898e-03 1.320978927628442589e-03 1.952072946397201284e-03 1.158464854475347574e-03 1.396322968009367470e-02 5.519534582318939148e-02 1.034333292645393072e-03 7.510360335552777183e-03 8.705073268718105622e-05 1.997476652112870413e-02 8.711799731530080193e-02 1.585236056623516576e-01 4.134198905721208489e-03 1.601515093043028113e-04 2.957220875794058031e-04 2.204463036921153196e-01 1.183030176155525914e-01 4.529465923379620562e-02 1.283391710115605036e-03 5.352286210531830707e-02 1.474980673350988480e-01 1.595003123447888145e-04 3.321878521898205538e-02 2.374479809573661667e-03 2.327567552006616636e-02
4.158427580161258574e-03 1.446842094784796806e-01 6.498252924790053932e-03 3.502543832186837819e-02 3.427010595327224882e-03 2.091903473924693752e-02 2.204523742698955187e-03 7.046387441519520733e-02 7.594772877070310457e-02 9.471053034585679917e-03 6.610221158516844941e-02 5.756561901971183476e-02 1.871855279743487449e-02 1.821608795703102317e-03 1.371687832364053674e-03 1.070745271281970962e-03 1.504582065566909821e-01 2.363881464875643504e-02 3.744931384740958491e-02 4.523639710727717089e-02 9.613012199359426135e-02 3.996891551680822191e-02 3.513106309621530365e-02 1.845893577908896965e-02 6.511354686020760611e-03 1.181434739422335296e-02 1.575255046919427082e-02
2.006535358306838282e-02 5.498046000197228875e-03 2.132042801886144950e-03 1.145725710700756491e-03 1.840408566650563902e-03 7.144441790792928348e-02 6.796492665368295515e-03 8.781449613231257639e-03 8.908342433363448942e-03 5.842506435516034609e-03 3.485329059111614593e-03 2.056779854755001486e-03 9.846324472455285359e-02 1.233116362325850646e-02 8.183525282425831507e-03 1.715869627880632165e-04 2.795072788720827806e-03 2.639434900090746952e-02 2.022700665524987673e-01 2.276388543213436200e-01 8.634641436593845643e-02 1.693154859529613296e-02 7.238237241813176570e-02 4.989872964487179763e-02 3.311747848005256595e-02 3.759133548924526499e-03 2.131956505851062555e-02
6.055965248422170294e-02 3.445863930943521281e-02 1.582969633907879356e-02 1.551848364106029124e-02 1.048556302077585135e-02 1.880859196457030161e-02 1.836979675080127605e-02 3.860558611802552414e-02 3.426557982242118411e-02 4.770943535520652534e-02 1.612267063565155784e-02 2.217943216541378576e-02 2.545997709048174532e-02 4.919289985356581352e-02 1.182458350470317991e-02 1.283139734130553855e-03 2.445381910846779194e-02 2.050403563468764997e-02 4.220941233455871577e-02 8.576314324082782992e-02 2.184119187960809755e-02 2.013345799085134724e-01 3.839227921602857835e-02 3.778627906272358228e-02 3.864451853556330474e-02 5.415895060564496905e-02 1.423806268383270845e-02
1.357320605932223721e-02 6.224464057507327758e-02 2.216227998131464413e-02 1.039178225618203263e-02 1.274072273966008091e-03 4.445780879390520343e-03 6.235279067919199600e-03 2.386858291811637736e-02 4.913877984390576520e-02 4.679503714468554419e-03 1.530835492881801266e-03 8.430999766686811045e-03 1.996541384502256364e-02 4.986395994109250017e-03 6.847394290501925820e-04 1.862372007788464044e-03 1.462821158572103798e-02 3.650469221000494230e-02 1.289206195199843474e-02 1.137367588927049727e-02 5.223635518458287219e-01 2.882843542697128073e-02 2.630093241516515135e-02 3.382406866032378751e-03 2.583855424071949351e-03 1.019884513847894303e-01 3.679060894948242306e-03
7.689877299994360427e-02 1.454282015784732346e-03 5.067993967722436351e-06 7.216301235404212885e-04 1.089822573628693186e-05 4.873579062922043723e-03 3.762956034712484920e-05 6.467379149011360205e-03 2.225262647453125388e-03 1.504604852755277297e-03 3.695214176463269551e-01 1.015956225038019446e-02 3.451097237838792603e-02 5.992004125487053271e-06 3.463068967921678707e-04 9.555719120172732626e-06 1.607199395367188552e-03 1.320784760631394522e-02 5.755705822476275303e-03 2.317274643734530681e-02 8.061847688909751231e-02 2.601380026750854495e-03 5.616705702384706001e-04 1.226411592542809154e-01 1.135201705944972710e-02 2.297284268208374114e-01 4.565912478490134804e-07
8.423179050147600521e-04 1.806575348284504556e-02 5.540003892957725065e-03 1.056651580895942230e-02 1.486661142243487499e-01 2.931999711548127947e-03 1.152795167240741429e-02 2.224467597724084575e-02 5.674446111142963239e-02 1.089808642185851641e-02 6.533781257401003080e-03 3.248765928995472896e-02 7.016604113036682688e-02 2.037610295730160268e-02 3.936176776182994178e-03 1.932755833919796258e-03 1.415284634011689489e-02 9.891890483024690095e-03 4.389845606835523356e-02 3.773233607599928152e-02 1.211263547151308628e-01 1.571125329302041351e-01 4.986385805143271621e-02 5.475558926947635824e-02 1.022294299670182399e-02 6.337393299642942596e-03 7.144540231617796389e-02
6.535879802635155902e-03 1.258621950027946287e-02 4.193522529993717884e-02 1.008402828385277991e-02 3.241297014672692069e-03 3.124340442041116661e-02 1.690866256761850220e-02 4.746509235351297623e-02 1.601743375747682191e-02 1.167125511918651742e-01 2.017178842179693718e-02 4.813553229756001306e-02 2.286377822234468213e-02 1.445496943338411833e-01 5.573860803122506575e-04 8.737592219230855880e-04 9.715913132395035540e-03 1.025099921144701463e-02 3.079537804592058156e-02 1.060672178096135065e-01 2.468452358318603060e-02 5.747879888680296201e-02 7.294114756466692218e-02 2.496169040857473126e-03 4.642273381578554403e-02 1.652180020117901757e-02 8.274358593810587914e-02
4.458827245887541507e-03 2.986746122184394847e-04 2.589204056487020428e-02 5.976860692376123954e-03 1.728097311716546292e-02 7.917445739401802324e-03 8.903511140204604241e-03 3.411396824148557605e-02 1.232396879576106996e-01 1.998873306210964887e-02 1.346154735895992334e-02 1.315294984974524906e-01 1.574930232337547415e-03 4.476721660952595605e-02 3.446405729062883977e-02 3.266883045758511850e-02 2.904880223402713305e-02 8.697389062596250220e-02 1.161305185027910677e-02 1.907888341589452199e-03 1.860072523907543851e-02 1.350764087243276276e-02 5.761752567224199401e-02 7.189095909177506405e-02 1.140290613088859872e-01 8.680829719647767395e-02 1.465354747432938550e-03
3.479177733849282521e-03 3.178978471453146001e-04 1.555503610849816656e-02 4.915658536360592058e-04 9.508350485209012990e-04 1.333717216414764296e-02 1.824479833858443176e-03 2.204439569049867348e-02 5.281199633943374667e-03 8.627364610717191962e-02 1.609281636876276926e-03 1.831454916624811581e-03 2.528971033340710051e-01 3.079948852586314803e-02 1.372750634815659079e-03 1.900312317885092953e-05 1.779181434650308705e-03 6.351708761015866823e-04 3.547534912416391850e-02 3.892842269585938819e-01 3.045794859586322366e-03 1.636277956672814449e-02 6.464530297603816866e-02 8.015707445940934523e-04 2.368135778645587622e-02 1.659020520294538642e-02 9.614572277442660908e-03
2.990926888160741343e-05 8.932110890431070940e-03 4.641597620711125530e-04 5.226136939852547500e-03 1.140404550287488347e-03 6.604124474450165632e-04 5.366132188833272688e-05 6.906098255024978316e-02 2.647745423842995383e-01 3.455041921823377021e-03 7.227496215156792476e-03 6.678419181151667994e-02 3.838628111768437046e-02 2.752515223002737627e-02 2.401809671359011328e-03 9.757485360000197824e-04 1.788562672857145833e-02 4.233199556288379066e-03 1.114925534703820331e-01 5.739110586408839587e-02 6.051787610065319754e-03 3.966692501440580165e-02 5.420033338143504659e-02 4.725630508613234081e-04 1.662978923274583808e-03 3.144044048587367121e-03 2.067008407330662711e-01
1.337355097350531249e-02 2.373280316967553427e-01 1.512247114905527134e-03 1.098987290223756852e-01 2.724207569794415834e-02 1.122414039359440801e-03 5.778069905048856215e-04 3.758065185971878625e-03 1.525265518633177678e-02 1.065742883627571235e-03 3.610218132818240333e-01 2.334026951113466961e-02 5.512804808560351107e-03 5.264901923140934787e-04 1.683076681366287297e-01 6.880059216258867313e-08 4.086388385373550605e-03 2.241029821893753427e-03 4.201234968074316761e-04 9.120899662791929596e-05 4.390526947720840671e-03 1.470325363435522970e-03 3.341402782963098480e-04 1.178257482071380126e-02 2.967786939439833144e-04 1.881609917134212341e-03 3.164859755716968506e-03
1.333941536568130585e-03 4.995683352888341533e-01 9.502884599749595760e-04 6.131766278209791615e-02 1.038699023161240955e-05 7.118793362180240764e-05 6.989038182861140423e-06 1.377867602486215065e-03 5.651774170115171116e-03 1.020649666618019322e-04 9.880807437497429041e-04 9.264292901696051519e-03 2.329304138522236486e-02 1.491321123839048162e-04 4.682252432534785144e-04 8.731791236551314506e-02 1.030582778774877077e-02 1.573217950856631644e-02 5.756364651850446809e-03 1.434452619736501823e-02 2.507666894300950577e-01 1.744207315363811405e-04 4.036237282555745105e-03 1.332276056358947371e-04 5.345846024055732901e-04 4.513837942485983933e-03 1.830920739161232859e-03
6.019901823350276657e-04 3.129096193420603106e-02 3.062141831984054128e-03 2.020541259981434648e-02 2.562704380962502280e-03 3.972521414202566468e-04 1.055755674524567894e-01 8.443088971131678180e-03 4.055859184344347279e-02 3.892543648089305530e-02 6.304174982212053246e-02 1.425443826297673709e-02 2.144548934691273626e-02 3.584188765581316355e-02 4.635991173199627280e-03 5.512339091551517883e-03 1.592597222694506348e-02 8.750163249357000364e-04 1.492516422039565638e-01 2.180889333357610357e-02 7.209372297659822487e-03 2.091527246448506572e-01 1.325366813243455122e-01 1.339443130655797176e-02 3.264521982977154797e-03 2.478101082090774024e-02 2.544469036206604973e-02
2.219657463606346248e-01 9.896456526493816949e-03 3.848586506849073931e-07 1.559654058904924828e-04 3.954709342512754966e-03 5.454646198993592857e-06 3.886101590809727413e-08 2.638434946361679825e-03 3.404188084833960272e-05 8.015896298713554979e-05 4.221612777750773093e-02 5.651974279529338174e-01 9.777330571031936116e-06 4.533474542991556893e-04 2.705966556927035926e-03 2.365527479405928676e-07 1.171379002047038809e-05 9.243464848465986769e-06 9.411180317303579422e-06 6.518762236796189979e-07 2.538889394912194428e-03 1.087458355569921506e-08 7.548359492948167782e-05 1.060471970038327355e-01 9.049165083726089936e-03 3.294391903191052490e-02 3.928811442989972460e-08
4.598113745369614147e-02 1.444959716832670479e-02 3.646900863084635847e-02 8.854314135085115944e-02 2.047454808520602840e-02 7.021088527697715020e-02 4.965571788364667866e-02 4.439847754511562494e-02 1.006563855683385508e-02 1.010929364734654105e-02 9.688679434356292641e-02 5.466849017428284524e-02 2.465543080588691177e-02 3.087800220762112070e-03 6.148342585711489075e-03 5.542105218910885943e-05 3.276540816326355132e-02 4.822127247857389831e-02 1.593442718372389474e-02 1.394555221400798836e-02 4.485742864724299311e-02 1.719687646627566235e-01 2.390613844829615753e-02 7.640184270496054759e-03 1.894977332147138385e-02 1.800538274098217525e-02 2.794594308794370874e-02
4.631693247284891096e-02 3.027403392098814219e-02 1.003803783897991167e-03 8.060184259977024035e-03 1.777514328682575139e-04 2.033640423385052465e-03 8.162033731117681983e-04 1.671724532414497122e-03 5.103617210096786719e-03 1.418849991430210953e-03 1.134626939480097574e-03 9.362112275899024671e-03 3.728069547734139382e-03 9.866975174149130931e-03 6.248400049448969099e-04 7.887509814440306632e-01 5.451537252973581542e-03 1.113223249870726747e-03 3.216751481404789628e-03 3.060443684002550711e-03 2.210494529207105222e-02 1.203045102425891362e-02 3.624726348860073631e-03 6.028833403453946835e-04 7.557357724515717176e-03 2.965220248738497169e-02 1.241131327055929349e-03
3.781441499081476307e-06 9.405324831406579062e-04 1.884312396123161528e-04 1.693232545942061009e-04 1.307686886518191934e-03 5.248033130194092307e-04 1.899395035833725430e-03 3.479249259282569170e-03 7.888189264032376136e-03 1.438602150990514750e-01 5.749064141564974687e-05 8.769418484233024841e-05 6.305307352754385697e-02 3.347274003079022536e-02 4.593210976646870496e-04 3.013458698246590800e-07 6.744098189920552991e-05 6.713498778886936753e-03 2.284765631502096994e-01 4.647695716781095887e-02 3.734911110479995913e-05 3.483670072594257650e-01 4.955226119246916583e-02 5.613421993408644736e-05 9.016298987021410631e-04 2.964487492971010284e-04 6.166248138554952102e-02
2.617691587686489241e-01 4.436217702073802852e-03 2.160338202410533315e-02 6.001980382039836387e-02 1.184920477386439304e-03 1.015594375820510521e-02 1.506964212294649996e-01 1.929904299334071760e-02 3.919820052460571552e-03 5.860482643473927805e-02 3.970122151842830904e-02 1.008717424946694446e-02 5.538760407879313868e-02 1.217271631826147109e-02 1.746042653237372261e-02 3.543742147246807094e-04 1.342665487762005529e-03 1.025675045264987373e-01 2.024867826431426057e-02 1.954501441270788988e-03 3.482322896552265522e-03 8.089507130007583813e-02 1.641449011727282720e-02 3.838603328355861492e-03 2.285132400686832113e-02 1.131683778974017576e-02 8.234946668417075094e-03
1.718638005433952357e-02 4.503062480967424258e-02 2.291247262214882782e-03 8.267247870996407080e-03 2.742170358634735995e-03 5.094985176592329960e-03 3.665144041050385267e-03 6.865466503105353141e-03 1.432161928575388654e-02 1.551167773951813746e-02 1.850133205481362727e-03 3.429324624556469997e-02 1.411122026163199594e-01 1.580535954663697118e-01 8.634581113258146465e-03 1.057269941765016236e-03 1.803301136489496347e-03 1.003861896960418429e-02 8.558072141735141580e-02 2.268985611327918595e-01 1.237303639473849755e-02 7.164777361197559313e-02 4.814146781140320880e-02 2.153850023626682417e-02 8.670743452659866041e-03 4.133007228723253185e-02 5.999611858847907903e-03
3.681231662086261797e-05 9.986779646716584247e-04 1.112566736817277059e-02 1.219065930925027769e-02 1.109089173643468913e-03 7.097441303801339894e-04 4.098754298672123084e-03 6.983881307941836904e-03 8.816009747849549300e-03 1.944904450895992322e-03 3.283894073323826704e-04 6.172643461341525105e-03 5.868550826939033377e-02 2.826883333528279474e-02 2.185282202259105928e-03 1.793585095772211226e-03 1.432873612697576141e-03 3.996123063809654472e-03 9.799394367185217461e-03 1.133050176177094817e-02 2.990829383934640040e-02 1.269089762073995903e-02 7.208182469281969665e-03 6.806827723497757684e-04 1.125398124087804638e-02 2.073343023838753081e-03 7.641772843886246447e-01
1.541302907008293074e-02 1.532869835509119982e-01 8.626506060329328920e-04 3.684079038746179008e-02 5.983810920793796242e-03 1.651072452081795219e-02 5.377860454416207936e-04 3.872424896770763209e-02 1.976101095892324189e-02 4.703487106516394782e-03 3.359525536299661774e-01 3.125220533999092942e-02 2.234041766680377669e-02 5.504173672410251489e-02 3.595475283293646934e-02 7.165675766813463243e-05 3.821621646335286726e-02 4.570257104292316415e-03 1.641243620679858073e-02 2.398128678202714539e-02 2.618725803194569060e-02 1.321268670361170489e-02 2.640892230887217570e-02 2.800099615370946204e-02 9.614646507027473088e-03 3.361838281630469272e-02 6.539065835899637857e-03
2.246990794835069735e-02 1.183456112159179605e-02 1.667894744221003894e-03 2.361269692159760972e-03 1.114204603486892634e-04 2.181077197422637715e-03 3.058802399614429443e-03 2.945450790568081116e-03 4.405532889773502471e-03 9.064903387595898976e-03 3.089338893393513315e-03 6.949438933485782219e-03 4.090364121530284079e-03 1.769922231306090415e-02 4.461454414653029583e-04 8.144257066588695970e-01 6.001414159671417635e-03 1.826925283874201132e-03 5.524602184168581412e-03 6.969520051566010892e-03 1.240485967102400271e-02 1.113184654279725239e-02 2.302284543543373866e-03 2.359056299056657910e-03 8.422478009782645783e-03 3.414672281163723400e-02 2.109253449426722136e-03
2.466311540650169970e-02 3.634044419829780131e-02 6.960575716097089707e-03 3.181110282041305776e-02 6.809753439712361994e-03 1.449332313775741898e-02 1.214431946100814549e-02 2.804615511209422596e-02 1.974105775926669054e-02 1.614509257440701132e-02 2.356883677713235078e-02 2.000466208375680649e-02 1.636310312527020777e-02 1.537744633599695196e-02 2.088040178350397680e-02 2.809711668266502357e-03 4.097712825001927350e-01 2.609843539544190807e-02 3.027310792692032224e-02 3.382237360581632352e-02 3.589622894772243750e-02 1.730935918827476716e-02 6.054865119982596328e-02 1.273942154276424751e-02 2.707702779151544698e-02 3.785010320132217720e-02 1.245490730072140381e-02
8.155687092840703534e-02 4.472102132712622510e-03 2.104732970541616302e-02 6.282620069824442280e-04 1.120696472258937877e-02 2.140165311722183258e-02 2.930094584524842866e-03 1.361350610504796603e-02 1.342998361326919188e-01 7.825719506938140502e-02 3.835788106268611664e-03 1.061288681662422503e-02 1.415971545168025481e-01 9.735930216883749086e-03 8.795309391879537570e-04 1.111242670191408904e-04 8.492043369706287620e-03 2.272628571387719579e-02 4.203355555788555742e-02 7.335110200245466283e-02 7.919552174247543319e-02 3.963252263889667504e-02 3.377966724100402943e-03 3.869206163775549580e-03 2.508389856382340147e-02 1.524227131869969332e-01 1.362895496824611218e-02
6.504270497519204150e-03 1.826490251003996465e-02 2.162377094859298590e-02 1.376195923508832103e-02 2.835713951252379419e-02 5.583710300314348451e-03 1.059256222540808090e-01 1.908626762066479784e-02 2.938920624009836932e-02 8.246110734360581965e-03 4.435427309578977503e-03 1.976353925791674362e-02 4.652410281978940076e-02 1.745551566157204845e-02 2.078308105058034819e-03 1.029574132530134239e-05 7.307464158371794472e-03 5.242857265358517177e-02 1.283281240044042426e-01 2.286090799842579319e-02 4.917523284184150550e-02 1.652006933743652983e-01 1.533412832458884434e-01 2.215565046351341237e-03 1.361375884804990818e-02 1.325416673795722956e-02 4.526408234223550792e-02
4.950051981865564131e-03 3.538370566945400059e-02 2.100412862474770707e-03 1.384780558732956295e-02 3.014270297073576559e-03 6.339036184291761689e-03 3.117628183211128886e-03 1.988605993373284905e-02 7.902737910007206698e-03 5.661300050923068032e-03 4.075732895796695954e-01 1.081247129855514820e-02 2.882842765454216027e-02 1.245445491329600458e-03 6.603284453470212312e-02 4.418705358433434611e-04 1.567789390827203644e-01 1.424005527953221308e-02 1.227762088699998685e-02 3.584208906919668022e-03 1.261370399291048827e-01 1.147912577882382289e-02 1.106381258315047508e-02 1.513115438012029371e-02 7.241545069851364549e-03 2.366063332623900492e-02 1.268507021532430667e-03
7.765323961000350668e-03 1.048750574105586086e-01 1.463241345285996951e-03 7.143389376246589428e-03 1.017154078412173821e-03 7.642335901987801607e-04 3.420359470203864979e-03 8.130240040749128413e-03 2.119030912502480740e-02 1.276091549113133033e-03 1.214766157444512225e-04 2.763559026976904719e-03 3.143183028759224951e-02 9.906711870592241342e-02 2.119359566221663219e-03 2.990140474465059327e-04 1.522180779924957317e-02 8.853350128245664197e-02 1.375919676775177181e-01 3.241999288673585444e-01 4.380119790275861097e-02 1.207656876930549537e-02 2.195071567116802305e-02 2.348605116241368404e-02 1.251336795132245014e-03 3.442910753295387594e-02 4.610058342987744320e-03
7.894504692708588511e-03 2.701601124314433403e-02 6.241677559577947509e-03 2.059334334835670813e-02 2.974165239296511568e-02 1.835526028195318821e-02 1.270779948516417568e-01 1.002569451108117383e-02 5.511529828969873729e-02 2.012519055849784980e-02 5.677441490721636154e-03 9.691367380402155299e-03 3.449603234415466596e-02 2.031738249769316634e-02 7.093271931411654352e-03 3.364380050657104311e-04 4.084839493337800997e-02 4.423241632506642873e-02 1.334530956560934789e-01 7.476948894752027952e-02 2.576595956530954717e-02 1.655038648228889311e-02 1.433398036906486650e-01 2.669857320253102989e-02 7.966089558848220287e-03 2.594926400041635758e-02 6.062796625882478641e-02
5.606372853787226079e-02 8.017828120210444831e-02 1.196417982627004210e-02 2.055964015281164931e-02 6.573132118952211556e-03 2.272535524519761485e-02 7.050908100360474273e-02 7.110555119287210492e-03 4.603507977931119155e-02 1.235519855251668297e-02 2.021011063411134664e-02 4.953635961855724912e-03 5.433307624383301032e-02 1.159903811369635517e-02 4.902438946546825577e-03 3.253136064921447889e-04 1.782828480114042116e-02 3.246231961772916980e-02 8.441304300338661748e-02 5.092678693012789998e-02 1.092159774915471560e-01 1.181191219556520233e-01 2.604154275282338435e-02 5.453618420594649047e-02 9.303643600946693779e-03 9.365663803643179547e-03 5.738958679259358042e-02
2.835846604309676458e-02 3.421058161026509226e-02 4.087216025616002141e-02 2.145543465897398194e-02 2.730321653023658115e-03 4.967653709851299962e-03 4.302654608238930256e-02 2.030564684553044438e-02 3.370591839472526080e-02 1.310487709427590741e-02 4.264380958615924394e-02 3.581981821799497256e-02 1.837872831714376307e-02 1.972569380282914939e-02 5.161687469287057871e-03 1.341651944656583606e-01 7.004047909642968639e-02 9.026420751612550253e-03 4.281512538511188931e-02 5.400157203286664459e-02 3.558212555530977650e-02 4.948456198836054948e-02 6.097599065897309906e-02 3.365786527112798673e-03 1.812007113385234389e-02 1.510332981841192024e-01 6.922030478887178200e-03
2.075748484491091519e-02 1.262709616841355001e-03 2.977677150565836636e-02 1.630029232389273476e-03 4.518781300308996607e-02 2.240266987704276833e-02 2.282643595863811242e-02 4.277018781018024352e-02 1.557599510486757169e-02 2.698177338655588509e-01 6.180936704601284158e-03 1.501087577798766552e-02 3.304232441772802370e-02 5.023506433582893699e-02 1.647261441716842047e-03 1.864999099770738001e-04 3.660504420304478150e-04 3.043016541106555173e-02 1.251310129279144603e-02 3.092805553809397333e-03 5.290762208967190842e-03 2.054000732996219269e-01 7.050569837983254422e-03 6.172682694801701064e-03 4.003627053685787640e-02 6.564058271213908669e-02 4.569614260291497698e-02
3.896721892276903271e-02 4.427044731203290395e-02 4.097027516459468555e-02 2.787820518489098759e-02 7.271281315179768667e-03 1.843524590191702658e-02 7.536961421011709877e-03 2.542495594699247310e-02 3.471036881272370617e-02 4.565042604090330247e-02 2.258308249056007952e-02 2.150600611798100803e-02 3.224719685716102846e-02 3.106613792434070875e-02 1.824060828570737286e-02 7.779012628050143222e-03 1.503037520928325044e-01 2.283184838401542197e-02 7.197266310169221637e-02 8.219081808740880124e-02 3.462251095367453041e-02 2.888347358747345162e-02 5.599876739583800611e-02 2.358940173492073133e-02 4.109679060791586458e-02 4.387471304218480694e-02 2.009783068522777438e-02
1.812112772858316624e-04 1.980695000027406227e-03 3.587495505237898313e-02 1.808749765710701346e-03 6.167573899739399283e-03 1.682265892562076828e-02 1.680188988746967108e-02 3.089216415244689165e-02 1.087957822471109521e-03 1.515995845747250548e-02 2.243130024548003251e-03 1.152945227075618346e-03 2.760260825489060932e-01 1.281731178473367351e-02 4.033872451800077580e-04 1.333967529377342028e-05 4.289307454020792549e-04 9.320524080353904256e-03 4.443144730908941270e-02 3.894022519639189772e-02 5.728005682143277183e-03 3.319283413824418716e-01 3.733842014626834183e-02 3.945561733373531327e-05 2.763972456090304369e-02 5.862733497269893845e-03 7.890818103604214928e-02
3.765279861755767288e-02 1.748889778827938772e-03 2.998771714016108814e-02 5.795528108090089274e-03 2.054799292579805709e-04 9.147985082743472635e-03 1.112015320117331479e-02 1.432583711191442143e-02 2.124799756209125399e-03 3.155406786690208559e-03 1.881976871440811314e-02 1.216281140369633931e-02 1.954712251619158264e-02 5.581879899806449497e-03 6.685220674552474485e-01 2.769233245352581418e-02 3.758092489926169281e-03 1.475833843156148378e-02 7.739635479428415288e-03 3.509213913371392584e-03 6.866176612360335926e-03 9.291098435399665345e-03 1.172958305147203326e-02 1.745993927599400961e-02 4.257132694535076256e-02 8.010489620729125196e-03 6.715527788905471980e-03
5.219893277484879274e-02 2.947669423342306333e-02 2.943056902654592535e-02 3.663825231576055535e-03 2.588558128299334616e-03 1.254529430678762679e-02 3.205433167980847181e-02 8.830693972955799831e-02 1.109587458298548907e-01 3.504021340357160036e-02 1.901943949807585396e-02 5.122454254705957610e-02 3.094171112902615456e-02 2.306104376904160799e-02 1.465184033711682855e-02 6.730508964019878094e-04 3.097308041924337965e-02 8.957012315733794972e-02 2.729501090318752973e-02 6.848945869085304970e-03 2.520462445016528191e-02 3.648644550391026697e-02 4.716478577412500789e-02 2.661725618842271032e-03 3.581628673327399981e-02 1.466827482121874082e-01 1.546049083764572049e-02
3.074181968860046840e-02 1.720622242346739328e-02 6.685678749075535388e-02 3.671726049321125812e-02 2.197415655329941139e-02 3.623832293681100280e-03 1.550212839171742326e-03 2.447922116048974889e-02 7.127381821087161451e-02 6.561313771010773496e-03 8.650637658911417699e-03 7.757045212625997277e-02 1.107125706849886038e-02 3.383976038718036500e-03 3.970646086427050137e-02 1.141821647958833445e-02 1.182175976102194798e-01 7.022330313904179278e-02 1.073573338536090369e-02 4.272653954401278882e-03 2.214656684463400527e-01 5.499824217969462303e-03 2.057720739333283866e-02 1.104267516905198948e-02 2.761297514418372540e-02 7.050862409188857205e-02 7.058092287404086826e-03
9.983127391580175897e-03 1.936782233103603520e-02 3.510085753613355342e-02 8.997467099764892839e-02 1.466793258949175005e-01 1.024812265222046093e-03 1.505392655627767369e-02 8.622453560423026103e-03 3.389365012544140292e-03 7.262517422350274129e-03 1.690731428961947044e-02 3.635545877405112203e-02 2.442568304607963675e-02 3.717738990692896067e-02 1.257373034695652946e-02 8.064366002254729502e-04 3.626158286264229147e-02 2.002852846715706941e-03 5.238414896626080591e-02 4.217892363410068873e-02 8.957758501071506896e-02 3.863501037071538635e-02 8.269999267643267371e-02 1.085425001723119495e-02 4.684056570887449450e-02 2.761339294470238799e-03 1.310988566798467481e-01
4.346428354459024868e-01 1.079048503641148217e-02 1.911701967077070879e-02 4.526571348578502935e-02 1.716865691722928430e-03 1.889619329862126914e-03 7.455672847900588710e-04 1.189685987127353343e-02 2.264285943830796283e-04 7.910204483435634079e-03 4.287353811303445950e-02 1.055688859647250372e-02 7.867814935523255102e-03 4.741130758943196133e-03 2.716536701510709542e-02 4.389754095399323042e-02 5.426024711348457347e-03 9.179554103106656385e-03 9.261140238537033179e-03 3.717040325976154330e-02 1.566494057037945767e-02 6.677416287745817358e-02 5.551243589921506585e-03 9.715951012869672790e-03 7.671396626247264927e-02 9.308437986346652926e-02 1.543542432674700445e-04
1.280046546619376634e-02 9.743190696669675605e-03 3.839231206247970679e-02 1.269852754095178102e-02 5.589373939508772773e-03 4.648490311034727401e-02 3.272421577540157028e-02 5.912385569418273507e-02 1.302182189149616448e-02 1.964230363200723806e-02 2.145995710942603940e-02 1.659365473621834952e-02 1.272312199723978354e-01 5.875055577126932216e-02 9.193147923304752570e-03 9.237093286480049792e-03 7.074871497600877975e-03 8.171903224501203544e-03 7.246582325750108855e-02 9.257625916719687542e-02 1.282797194821068930e-02 7.363510128376343777e-02 6.979147679955259587e-02 1.058346048436560041e-03 3.764831816199493142e-02 5.497542136670211833e-03 1.265657878662364288e-01
1.554448834762812807e-02 2.119671316629648445e-04 1.724509400028025616e-03 1.929344036705914070e-03 4.801132047313022011e-01 6.033174689484493460e-03 9.071357936366728674e-04 6.078781432450931950e-03 1.287195221288719863e-03 5.266932796431343829e-03 9.329828447218494955e-03 3.736179794319243255e-03 4.794741596229936537e-02 1.314061707528014740e-03 8.994672818689032623e-02 2.103272029503624100e-06 2.137037377652541235e-03 1.650106627461573813e-02 3.626582038180467538e-02 1.703336528233564051e-03 1.212843079763635274e-03 2.750750802282622004e-02 2.984841396661296747e-02 1.834914886522405475e-01 1.823049647624630509e-02 7.310185757328396469e-03 4.418752531770998512e-03
1.214493971729228676e-02 4.380525162029558217e-02 2.465998566350970436e-02 3.612679793534602501e-02 2.077551939721912488e-02 2.889671685441691160e-02 2.000891899137215157e-02 4.108074690608176649e-02 7.461153797472243332e-02 1.034493718321653419e-02 4.010458251951984354e-02 3.866391749490761393e-02 8.346540321677661800e-02 3.240962564706327542e-02 2.601661278296327900e-02 4.549325322137632004e-04 6.890391369240479735e-02 3.040610491184123076e-02 5.146975528992410454e-02 1.666627881768358369e-02 9.458393630292237508e-02 5.412154281346909929e-02 8.006317937741776192e-02 1.010521074515916343e-02 1.532985462328980905e-02 1.042446392751070552e-02 3.435533306146034555e-02
