1.880262060884124037e-02 7.195670405347710796e-02 2.355123114600271225e-02 5.763172232929123645e-02 3.975249973512068324e-02 1.065495325582271890e-02 3.593816268590998425e-02 9.347226938337352409e-02 6.847902745648713242e-03 3.389755542804472055e-02 3.025968606023621624e-02 1.570817141525477842e-02 9.397212136880470079e-02 1.865146033571804529e-02 2.400135737886014212e-02 1.194371041583733827e-02 1.180947266032104231e-02 1.942165108012936306e-02 4.404261300534314041e-03 9.288455617681162790e-02 1.245879539147377174e-02 1.683491260555272651e-02 3.244651651953224525e-02 8.019362584667455440e-03 5.154640977713827697e-03 1.646216599324630270e-01 4.490204242455678174e-02
2.848890788867120341e-02 3.551454644742790302e-03 2.151151681030834262e-02 8.353431101855358920e-03 1.455394708013386072e-02 2.637800230425001516e-02 1.544399345695134616e-02 2.133894999936534337e-02 5.517455078535312037e-03 4.700300426931448838e-02 1.806676224446411919e-02 1.635081189588909537e-02 2.355258318223901401e-02 4.540436670923133633e-01 1.054744428558385475e-02 2.123861046088027383e-03 2.778481345858824832e-03 5.249517835731148940e-02 3.124741297318974972e-02 4.270556378779917506e-02 1.092628583047594582e-02 2.235825923012857777e-02 3.549442993132857077e-02 1.867110056244089891e-02 1.129326757715421424e-02 8.111410603629021221e-03 4.709281741997822790e-02
1.547173590084469997e-03 2.725987451129213007e-03 7.219348078769730753e-03 7.806803682525211008e-03 4.924124332348147476e-03 2.221651852973207796e-04 1.860188949072297130e-03 2.772286668273871678e-04 1.145444168746372364e-03 1.479282839017863002e-04 4.511005376545558845e-03 2.355753574419695764e-03 1.062542147066327302e-03 9.138104758384457205e-04 3.117102749152878688e-03 1.787865877954020275e-03 5.228698188867687488e-04 9.279586388777135708e-01 1.974419224077746202e-03 8.547595758391266733e-04 1.473165944818749734e-03 1.397989164518228015e-04 1.599346935176696903e-03 2.404638619681621296e-03 6.477887073531257787e-04 2.899618655563160254e-03 1.790048213475851566e-02
4.980932020309983277e-03 2.995932896115666710e-01 1.474253685659699525e-02 4.993138649933238082e-01 6.195993254245739379e-03 4.516776193341987184e-04 4.521889135483860532e-03 1.498429871507873067e-02 3.953689339820267226e-03 7.921663887499053860e-04 4.311680470722062397e-02 3.143210206540646839e-02 1.576652655032452326e-03 1.487789533361483501e-04 1.668483016436825110e-03 7.079426107912326202e-04 9.661231307231628318e-03 1.070942225272755169e-03 4.903037884152847570e-04 7.837907502098296177e-04 1.708948884222386000e-02 2.122776000353682191e-03 2.480657493188135557e-03 1.070426234142032558e-03 5.522779972819182319e-05 3.438322781696299263e-02 2.610825799537675428e-03
1.848676476179317112e-04 9.933852792690307451e-03 2.365301444067998554e-02 9.681203840925240237e-03 1.631760757557234069e-03 1.006903889232390048e-01 5.341093398753721765e-03 1.628162828322743741e-02 6.126357660900873248e-02 5.284428832666102603e-03 4.838240802739269750e-03 9.412102284834628855e-04 2.323235926956547237e-01 2.965482850982507218e-02 9.603594171816200176e-03 2.314820373176386045e-03 1.199821894962654761e-01 5.026858800645968295e-02 7.850796123431903750e-02 2.415566689241796169e-02 2.206221918384339460e-03 7.635182016930868940e-03 1.337866209156208241e-01 4.649500495190411059e-02 1.530253388250171678e-03 1.047728450939276095e-03 2.076248042044736772e-02
3.506382195281499466e-03 3.817017773250697219e-03 2.030276123130395766e-03 2.529692408018342688e-03 8.410510541748751926e-04 1.755737940015647189e-03 1.746075127958882567e-03 2.224963797128692855e-03 1.782446011680243608e-03 1.194367047309968875e-03 2.927936004856058171e-03 1.617319792070396126e-03 2.297087091656681117e-03 2.057168053945164152e-03 6.712459798005621916e-04 9.430372656693825073e-01 2.674539416833366517e-03 1.163997763342355420e-03 1.328622698022090655e-03 1.552456883599209010e-03 3.702911682993113591e-03 5.818769747879084728e-03 4.486025089454882125e-03 5.161991938259094873e-04 1.096806767377398470e-03 2.326595411716715720e-03 1.297043275295184546e-03
1.647057768985926707e-02 9.635597577120008639e-02 3.633157443989741553e-02 1.076464879142009085e-02 1.987239025072085920e-03 4.849111115845735481e-03 4.637869702148003648e-02 1.611479500131809527e-03 2.584245122174470138e-02 4.819615978884532644e-03 1.088897589933452217e-02 7.386935534833055303e-03 4.207253157940363947e-02 1.836014385600806889e-02 1.008643382960513818e-03 5.074715617488989236e-04 2.480880941951305735e-02 3.223154433375455957e-02 5.441360731125359507e-02 2.296923914120709009e-02 3.655433268372866307e-01 1.298191579630386325e-02 5.289444683387150431e-02 1.347312507522049375e-02 1.610859762485542229e-03 1.810553634728104613e-02 7.533151677199814711e-02
1.420176852041908980e-02 2.045836260205618692e-02 1.937836427384979909e-02 2.184996386449214109e-02 5.462943687214114608e-01 9.467451343819007978e-03 6.275572635678941871e-03 1.885532395695725671e-02 7.121482483836866217e-02 1.866219629094294230e-02 9.576777331161022075e-03 1.359161327838582373e-02 1.101781369811441827e-02 2.848975657664471264e-02 6.234039561565289309e-03 5.270361171204475392e-03 7.837620600828324596e-03 1.134647599717720015e-02 8.028253651942139982e-03 1.515127704872349518e-02 1.780807177678133540e-02 2.614232697664591043e-02 3.548602711976371615e-02 1.797571659164355976e-02 2.881492954798775021e-03 1.034615765607212190e-02 2.615802096055224596e-02
6.592258005389982009e-03 6.766547459122921465e-03 9.616777619055464840e-03 7.821257220675172442e-03 1.669609375870730224e-03 1.892853622926505414e-02 7.118244971482996612e-03 4.799446928187768580e-03 6.859909319470395284e-01 2.187914739272676934e-02 7.945739479198498864e-03 4.981721171177590050e-03 1.520051998898473873e-02 1.099042523702269299e-02 2.504089808736671956e-03 3.369473198743646973e-03 9.868918969586765871e-03 2.209800921743117902e-02 5.470212863635825519e-03 7.277299706698375260e-03 1.889168036641241354e-03 1.930399357769897045e-02 1.493053623728620924e-02 1.006105506213673603e-03 1.082429706496920198e-02 5.298126929884743735e-02 3.817546348831109271e-02
4.358459858772610607e-03 1.908452079752696135e-03 8.673440243428000990e-03 4.712611479536703112e-03 1.229766062610938328e-03 6.662027889854282760e-04 7.316124673344555048e-04 2.277891193116723771e-03 9.191683254115998181e-03 1.038891150756806030e-03 4.095781366070675236e-03 2.151128632526336844e-03 6.178177637593710303e-01 1.482843075149173073e-01 6.433723298507742095e-04 2.891909932494444307e-03 2.820170005040359938e-03 1.311371012908981240e-02 2.007726399999021707e-02 2.751067528245607421e-02 2.981825882447145751e-04 9.573506351480200183e-02 1.507376174977566839e-02 8.791850685843635499e-04 5.480144837699701434e-03 1.619964464854020724e-03 6.718604245822094000e-03
6.814178703311736703e-03 2.567496835599146487e-02 2.596710242595082901e-02 8.372327038277541447e-03 1.589062147409594714e-02 4.009644281916128344e-02 1.638337028698534995e-02 6.878056149424767278e-03 7.483862354621989565e-02 1.089684975517020010e-01 6.901087334220722472e-03 3.708666822624817876e-03 1.369453508086161675e-01 4.116024037621747456e-02 2.755348932577156643e-02 8.691810937799151603e-04 6.379385908348250353e-03 3.401906276335213419e-02 1.448299052297556157e-02 8.017994486512054764e-02 1.435884894382628563e-01 5.568189003189936287e-02 7.100125925209969067e-03 3.045185070448428594e-02 1.607977175955144916e-02 2.361986104837719008e-02 4.139442292006685620e-02
1.800595198883148714e-04 2.232174404227929738e-03 4.808032310798952065e-04 5.853423094767936730e-04 5.834851960613486599e-03 5.285388143664350620e-03 4.069194733424623400e-02 1.847392216517599814e-02 8.545076396640177707e-03 1.114669326022627374e-02 5.825667078636498223e-04 1.340556468103756838e-03 2.820957564419974140e-01 1.992488502176653284e-02 9.197146203824782540e-02 4.876033349261788729e-05 1.007483350889753441e-03 1.031013727585316717e-02 7.608265243215847629e-02 3.093292645143908004e-02 6.928074935034580790e-04 1.981519816279552759e-01 6.536189937908554182e-02 7.732866477983975882e-03 8.073439156142482587e-03 8.710767054667854781e-03 1.035227935636096747e-01
4.992937783080256958e-02 7.306711478888466881e-04 3.341448795619521989e-02 4.081058020495278993e-01 1.928977683944255520e-03 4.388612738073946023e-05 4.093367264487005747e-03 5.970876055929668844e-04 1.224545209364580204e-03 8.783893231508261429e-03 6.891953307644023245e-03 1.587833661307948285e-02 6.920154413336708499e-02 5.270248566345657817e-03 1.955274121648633342e-03 7.487200750041977590e-03 3.159594926542990713e-03 7.970811407200306198e-04 8.672575631772229399e-02 5.147104893702795364e-02 7.863229445018493635e-03 1.373236052692847556e-02 2.543791499501056076e-03 2.425288239677438756e-03 7.643396091688306471e-02 1.369489844664812661e-01 2.362249984677651776e-03
2.982656835602707449e-03 3.961108105469879868e-03 1.527416410839768646e-02 4.137414563657108683e-03 4.941475546855509521e-03 1.827464825079117439e-03 6.917157278895671446e-01 1.136758363158290458e-02 4.190261195205656139e-03 6.508188481940816068e-03 8.943298851578461309e-04 2.167424809921185934e-03 2.495170001230065382e-02 9.836889039958572611e-03 1.842030786591310025e-03 5.413902597732599695e-04 2.362950771800490218e-03 1.130869797159409981e-02 1.916995865253668177e-02 3.384799991996737673e-02 7.841668830674894744e-03 7.867325919653804164e-03 3.200080094891680216e-02 1.334721133423597342e-02 1.845489233745980541e-03 1.110208706696571082e-02 7.216599937284688682e-02
4.579042139784765542e-03 9.978326310489883297e-05 6.025775766105470437e-04 4.551941168571931582e-04 2.974492094359828566e-04 4.245260932493769642e-04 2.602851639045549326e-03 4.139427100314886166e-04 5.979201930298213424e-04 5.531924638446077819e-03 4.928335115132088592e-03 2.671060049389491035e-03 3.206921538760161214e-04 2.889533821629159793e-03 1.213857702161011583e-02 1.453640793538163315e-03 1.574604080766800864e-03 1.940762989914888081e-03 8.677067558730103963e-03 1.306543432379872862e-03 7.067017630488524110e-04 2.474996964756438506e-04 1.894159593042310107e-04 9.273060764122803556e-01 9.123281175498435674e-03 8.759012549591951857e-03 1.619838472383349469e-04
1.227280257852594522e-02 2.185099479954521681e-02 2.240660217677762321e-03 5.068858243000665814e-02 1.747830913304246336e-02 1.386005255056590654e-02 2.789875678192593397e-02 7.052651221264702452e-02 9.055804464590639161e-03 8.349928748979167092e-02 4.626546595666145359e-03 8.954435470040986167e-02 3.099523606857471959e-05 2.222117097385427342e-02 1.108064948028437795e-02 7.474488739440359256e-03 1.785367608067649561e-02 3.407039487416434892e-02 7.671962151578137767e-02 6.036506433721865357e-03 6.557813364631158611e-04 8.751128737988540123e-05 1.105143886001911657e-01 1.242809649119018534e-02 1.630355399066472574e-02 2.680525090121296250e-01 1.292799199359427088e-02
5.076813137410881617e-03 9.903402117912832228e-04 8.170230943754715550e-03 2.247556253962096524e-03 2.002075933857806484e-03 2.252018155749564883e-03 1.493175994001702360e-03 5.773164032767305262e-03 1.830156073781830355e-03 1.556980687039569893e-03 3.240505988941805044e-03 2.275112502734549444e-03 2.156669158946239364e-03 1.077796428851162920e-03 2.196311754834190215e-03 9.311338205628165721e-01 3.365370098759894700e-03 1.013246115073626824e-03 1.350325360180262444e-03 1.478226107824141995e-03 1.936091899917416871e-03 5.262043760840980598e-03 6.693554233519574334e-03 3.508221910382088352e-04 1.483883970554759251e-03 1.742707321670357475e-03 1.851001119379652553e-03
2.789001888801627502e-03 2.159525491908393172e-03 1.622574203511300368e-03 3.401583229327668633e-04 1.637356706493286150e-03 5.830006721603636644e-03 8.378299083197496278e-03 1.603593283102846753e-02 4.004936732918111140e-04 1.416433541225281751e-03 2.945119579403346864e-03 7.901506799452200167e-04 1.496546697009609218e-02 6.225028979245896821e-01 3.901584624989297770e-03 6.843194027051150959e-04 1.354203924019460777e-03 3.720677299448368371e-03 2.445024803059222818e-01 1.557108297977692971e-02 4.223085052119385100e-04 2.813985151791814285e-02 1.145872985201362368e-02 1.295023592506939093e-03 2.428171338000902676e-03 1.436045024593762950e-03 3.272104014864894543e-03
1.789568767448865370e-03 3.205001882925784251e-02 3.269294086954691232e-04 8.701854407989638787e-03 2.240404294197766936e-03 3.961524672243960923e-04 2.149091238488747523e-03 6.455469638315426695e-02 3.114064678781701123e-01 1.967132776651150244e-02 5.022587021551876835e-02 1.131234623967578359e-02 4.065590475158357107e-03 8.308566575602480478e-04 8.659768986472164351e-03 1.315091752533750248e-02 1.973718627697040786e-03 6.071962481061503325e-02 9.125196060039702725e-03 1.542949780045849706e-01 4.368712665889538938e-02 1.628474509448017971e-01 1.503357975989070595e-02 6.706089764300419975e-03 3.244347090092844499e-03 3.149705945116083525e-03 7.686320793104566354e-03
5.030505361170151298e-03 9.276069949624777319e-04 2.763123330215674824e-03 8.826379637110558620e-04 3.218101563345951172e-03 9.566242015122886078e-02 2.359464109163690246e-02 2.640325410140286107e-03 9.078971992080842740e-03 1.530463485036723812e-03 4.902972512218925494e-03 3.447334874091496047e-03 5.730158981216371128e-02 6.088430375378875263e-03 3.051058818421443618e-03 6.696810530434626867e-03 8.398335302634148472e-03 8.604581471061323317e-02 3.005801086183214066e-01 1.259473729880212223e-01 7.848286312191692093e-03 1.231492821270845361e-01 6.111340761916551900e-02 2.443747121789150920e-02 1.596719670546447494e-03 4.652832418706833069e-03 2.941337474858558496e-02
8.333347354302026583e-03 3.692975253478681438e-03 1.806161741134251330e-03 2.942923391069630305e-03 1.034150620139190173e-02 3.981155341796604324e-02 7.002770678898792393e-03 3.900286737632679274e-02 2.125115440314145066e-01 9.548238465015750423e-03 7.621250927683937684e-04 1.785933047230341131e-02 2.639103724475922244e-02 2.790251476736982459e-03 2.714965613377161649e-02 9.891026193604029754e-04 4.957628084356101306e-02 2.769250402875567119e-02 5.406921675105094000e-02 1.718267818589898355e-02 3.778098102723001679e-03 2.684017065240401068e-01 1.221879035489584764e-01 1.648289190373493709e-02 5.501697827939748715e-03 9.941298332134675120e-03 1.425033300050394976e-02
9.452648746197531843e-03 1.488858088323066486e-01 4.271190100867738176e-02 2.102932563308437114e-02 7.292135606587274270e-03 7.766376731132776032e-03 2.082085398217486949e-02 8.616378840483079893e-03 2.065280149598279838e-02 1.080669518338052762e-02 4.107158449974585880e-03 4.235456960175305874e-03 3.162173654581099808e-02 9.496722216634213148e-03 5.900030425949103798e-03 2.034384114903663165e-03 2.015516500511831816e-03 5.357256283925688860e-03 3.484370694519370315e-02 2.647317575506121998e-02 5.234821426178720705e-01 1.085421289593077078e-02 1.561273439265073969e-02 5.975047579019934253e-03 6.682053056150303455e-03 8.306324230115099197e-03 4.967414970113467713e-03
4.847558309582078798e-03 5.040068989561984764e-02 1.725836592461927818e-02 8.184230550308625729e-03 1.250290882029260128e-02 1.747503373864504883e-02 1.027940663231154995e-02 6.542945223438648150e-02 2.093249037525308706e-02 2.973824762377408337e-02 5.244545453416075975e-02 4.498537165839008173e-02 1.878354894021840860e-01 2.823843618917000822e-02 1.970857102407267206e-02 3.002905666210753388e-03 5.535664012783982763e-02 3.581905967500269294e-02 1.035601848294043781e-01 5.034690259216345609e-02 1.371402602623317084e-02 3.510085256262790443e-02 2.362747272400074483e-02 2.670225636777205300e-02 4.341978464182187636e-02 2.677689368622328953e-02 1.231131418792962527e-02
8.216986035376591321e-03 1.622223196152906832e-01 8.868081241004079421e-03 4.396307876753126169e-03 3.741403757237778474e-03 3.307043513419876454e-03 9.111327394683638864e-03 2.659634347232496879e-02 1.557845523884843555e-02 6.016817084850180526e-03 2.019260039005294372e-03 6.499966310656104390e-03 4.172905714670642474e-02 1.941743008646674984e-02 2.278230905751840295e-03 9.658182061235671230e-04 2.161422224692417966e-03 6.142530183911996088e-03 5.519223915056694664e-03 1.854396538453491686e-02 5.915668777500039666e-02 6.342451306236475406e-02 8.975091360627904247e-02 3.850211428395386437e-01 7.832619233901938916e-04 7.921455955170480026e-03 4.061003520556125124e-02
5.200696951004942642e-03 6.916385017398542397e-03 3.455339522253392855e-03 3.411988729523725630e-03 2.411661897236089258e-02 2.842524980894669054e-02 2.498888924400851155e-02 6.534725345158327869e-02 1.580811494713136867e-01 1.515079414488861194e-02 2.783062697368648281e-02 4.303110381190575380e-03 2.194719434679898162e-02 1.336221206870121248e-01 5.304079909987332447e-02 8.460225849651722063e-04 4.256919088115587377e-03 1.432265196264675966e-02 2.896449523941027615e-02 2.011551695121573669e-01 2.020537499492604597e-03 3.758140843024608546e-02 1.005826571556726196e-01 3.070633985995759561e-03 1.137455898810664241e-03 1.931530995277504908e-02 1.090852188786822080e-02
9.697825322329922670e-02 1.126844044706263757e-03 1.693212234215576636e-02 1.617823717627663895e-03 1.939774419587679067e-03 1.013622353364594577e-03 1.114636671645468854e-03 4.822211975261470052e-02 4.999142852722695540e-01 2.518686525376278781e-02 4.014009933778080706e-03 6.148624759019160474e-02 4.487953982968238310e-03 6.786292210615561815e-02 6.332745143603039917e-03 1.678932188319303027e-03 1.500753807007618353e-02 7.189427180460614304e-03 4.311250093342743755e-02 6.022714474382558601e-03 6.376948337224395448e-03 8.215610316916940534e-03 6.729475918972291880e-03 1.730839505389337313e-02 1.505709858652841404e-02 3.126561166389011520e-02 3.805521468178179895e-03
7.942909464773861491e-03 2.321998032875877832e-03 3.895286336525165347e-03 7.617156780937788755e-04 2.110501933806313828e-03 1.952349484682517830e-02 1.765224222917166413e-03 8.925301535548617674e-03 1.089146572608980928e-02 4.626782054964707555e-03 5.413370889366694687e-03 2.842057255603619697e-03 3.661046478943494331e-02 2.520305008819245102e-02 1.968928239300935662e-02 2.834238372585643102e-03 8.739489827866759111e-03 1.835072357935300935e-02 9.526901115109441542e-02 6.283522083040090633e-01 6.659404093576615918e-03 1.706188489372937461e-02 4.862075887460701185e-02 3.838203513131221208e-03 7.189905967915875828e-03 5.860074776281582257e-03 4.701191397821690050e-03
3.935722471446064484e-03 4.633328999988214555e-03 7.952641978464384045e-03 7.115899575477078933e-04 5.569584500726187980e-04 2.723542163207029292e-03 7.180537999089762168e-03 1.255673906282881724e-01 2.594527588709936716e-01 4.304688027363128000e-02 2.296283446345252516e-03 7.523831159403387113e-03 3.359086109588545893e-02 4.680921343622941946e-03 5.772232891300222400e-03 4.146691675706353701e-04 2.090279306065205307e-03 4.760549465213331061e-04 4.864192615928120828e-02 4.351109028309013693e-02 1.207628805036138099e-02 6.536855340684991772e-03 8.497605898942049707e-02 3.489200018562879993e-03 5.648232535142711647e-02 5.628098030423818628e-03 2.260516726273047172e-01
4.376713368257110310e-04 1.690864066555667344e-01 2.369515456726079255e-03 2.144741348545637152e-02 6.269375530441247957e-01 5.555125953719102991e-03 5.850995975254391461e-03 2.631641044128423240e-03 3.173329159130510325e-03 8.253673185617897354e-03 9.128923665794168654e-03 9.896745626608253327e-03 1.661936646706101486e-02 1.518547479147645688e-03 3.663225184120531136e-02 2.780715067468294091e-04 1.138824141195012019e-02 6.570520686730609711e-03 3.175750630265263344e-03 3.038122340459616859e-04 1.524964534237584560e-02 4.903320598244423692e-03 2.152646715673084844e-03 2.895005142023521563e-02 2.413665978473074000e-03 2.793540434463153560e-03 2.281572664430131948e-03
4.827494784026462558e-03 2.037718041340148001e-01 6.390099169460116725e-03 1.149143934484796181e-02 8.144566474193979874e-03 1.242301550410331024e-02 6.523396435517223729e-03 2.575154763062833911e-03 2.175255733727142135e-02 7.590508924424591713e-03 2.497778679822222278e-02 1.846390123614007972e-03 4.894042712760691971e-02 5.175015666088282444e-03 2.297181154481569166e-03 7.302385234987488231e-04 1.641964863900447283e-02 2.541285915659712361e-02 4.395446115761222211e-02 1.819167221749720328e-02 4.288514951209668746e-01 3.072564561447969998e-03 1.271728880055710345e-02 1.349150984316468092e-02 4.910450443592324216e-02 1.721370992402341052e-02 2.113209878771300093e-03
1.236058655995599586e-03 1.963695815487920358e-03 4.318813275304528645e-03 2.919886210892117581e-03 4.618081947663397850e-03 1.353909599342783014e-03 2.293888472246522967e-02 1.106143166131275980e-02 8.713960830547052335e-04 4.513106253553703442e-03 2.936018591748279592e-03 1.192332257356262457e-02 3.356325362315317612e-02 1.715156378614323893e-02 1.354738054963329106e-03 4.782203070765301232e-03 4.417350715605590852e-03 6.472775718704023434e-03 1.436033497323610242e-01 8.080797995092831726e-03 1.094988423312778791e-02 2.171891812110204184e-02 6.635158591966603403e-01 1.644363797218936947e-03 3.263527569660662833e-03 2.659889808525066259e-03 6.166919186532988581e-03
4.532136581238466189e-02 2.007028653443934055e-03 1.088891828778792287e-02 1.813232483812636997e-03 2.615301206277352401e-03 2.052431107862500576e-03 1.533425661599604898e-03 1.555525322913924036e-02 4.541831873058004877e-03 1.146063806623920205e-02 2.330682592783276871e-02 6.210666252580533397e-01 1.167098691935279783e-03 1.596036249795094661e-02 3.889690450188661858e-02 7.478238948863899244e-04 3.373632214535909890e-02 5.658505195128575929e-03 2.859405943338502124e-03 2.533563771691689243e-03 1.338858073209593614e-03 2.492916552610740123e-03 1.397753295922086374e-03 8.568792069551674218e-02 1.749734681292306176e-03 6.115265630262631952e-02 2.457296189153920698e-03
1.441890597823283640e-03 2.619892820640550707e-03 1.462573339333046209e-02 4.787520926196891374e-02 1.259501808863502112e-03 2.102726431279907660e-01 7.434744325342933224e-03 9.990963907365443472e-03 7.346040902325375044e-02 1.611394253627961015e-03 3.264950918849215261e-02 1.084151963452556315e-02 1.633820642918665245e-02 1.173958976072751736e-02 2.368351666594886371e-02 2.860526525785320293e-04 1.460145410303692430e-02 1.445380920531184020e-02 4.084537804813141541e-03 4.040502095879359643e-03 7.324402213410554675e-03 3.925903366888195967e-01 1.228463597710509163e-02 2.695344840104872079e-03 9.409814549641352900e-04 3.275410445550860070e-04 8.052567772033263072e-02
1.654996456912791614e-03 2.646647455996882850e-03 1.243421496061419135e-03 1.556833828253764273e-03 8.098416004890636932e-04 1.234507546134221536e-03 1.539861274853884235e-03 2.007967385548257641e-03 1.386830261354919831e-03 6.499242229942144228e-04 1.535261239687444809e-03 1.179550696098748868e-03 1.951287212090624043e-03 1.175372267436697185e-03 8.178725117686078301e-04 9.605500990615009060e-01 2.777535272511346635e-03 7.398022591720563364e-04 8.328831759963169950e-04 1.127688724648772583e-03 2.955305518983907583e-03 3.971611587145663577e-03 2.340011663832174908e-03 4.590519925471621149e-04 6.582795586146306848e-04 1.098923380758555241e-03 1.098632348606675205e-03
5.736803196833955773e-03 3.124260948461706627e-02 3.983732583570840508e-02 8.856817573211005906e-03 9.229018417534725835e-03 2.981675967739224123e-02 1.357079343912900860e-02 1.681189773776867527e-02 4.525037073944344207e-02 2.810508467923784059e-01 5.050344336737409671e-03 1.718283670978921693e-02 7.083730625888236265e-02 2.552216641756029428e-02 1.300615142580468543e-02 1.140839453658143432e-03 2.623129854967938546e-02 2.607157507640269628e-02 3.064370129084778918e-02 4.087704622045910258e-02 1.928365613493289443e-02 1.177321354528663849e-01 2.470224020301829693e-02 5.988246443889577025e-03 1.250728180061012364e-02 1.645756486397204413e-02 6.536236646687264285e-02
2.746611297486862419e-02 3.184623070609449158e-02 1.892030690271722174e-02 4.093578095313024634e-02 2.102354750833418384e-02 3.020306676136598131e-02 6.361373034326969766e-02 1.216570482937334892e-02 7.979920665003439884e-02 4.218856938197543260e-02 2.218197171268064191e-02 1.274819233497217694e-02 5.218137406657354788e-02 1.415824926365571827e-02 2.163135948728434066e-02 5.934066255056852368e-03 1.243402351942212401e-02 7.157666499634794677e-02 1.733624781595382580e-01 1.097847584471405985e-01 6.988750076072099311e-03 3.511243731418827591e-02 1.346336981349321830e-02 1.008214664121593641e-02 8.637655671565920221e-03 1.027478323941696803e-02 5.128546199021170177e-02
1.028186044534666263e-02 4.396446203534558166e-03 2.733423921464762148e-03 3.762971091928995170e-03 9.349311725604911999e-03 2.690573911321401598e-02 6.734512176763604412e-03 4.441307249335417484e-02 6.014672502648298058e-02 9.050426815403385741e-03 1.725513515382094557e-03 1.251123285418340170e-02 9.260577516429144285e-02 4.375454239989447561e-03 1.766746222421970020e-02 1.874124894900276945e-03 2.967354292143664987e-02 1.884769072766939030e-02 7.441505562072811553e-02 5.014871851409687803e-02 4.924236725941885835e-03 9.142168814738095561e-02 3.732981468670619751e-01 1.509196051341423449e-02 1.049035649436316081e-02 1.048851867602734571e-02 1.266603288581487873e-02
1.625607527257415946e-03 4.854397046895899369e-03 3.273223899555950667e-02 6.078375778277043083e-03 2.870079038003171563e-03 2.285302560450538922e-02 3.612495481090445115e-03 6.185916100998443620e-03 1.042212112303867767e-02 1.991439250959761709e-02 5.882580596937439683e-03 4.580476567821395797e-03 2.537327151625790589e-01 5.007890645939012432e-03 7.057009777227276834e-03 2.651127685759499183e-03 2.191070816136574118e-02 2.769276731927635543e-02 6.026710262188533264e-03 2.604421937603941962e-03 1.190256806202596865e-03 1.273932157163071843e-01 9.267655469420868139e-03 6.973004530958632624e-03 5.223335434723378780e-03 1.260485405956559765e-02 3.890526206608999615e-01
1.509012464282603145e-03 1.873294114496450906e-03 4.884181536119571072e-03 2.301053552641313307e-03 2.782776802248028251e-03 2.797676225694261699e-03 2.574939235029496780e-03 2.106344206937391383e-01 5.423204312831249665e-03 3.236482023878681311e-03 3.656684941320657162e-02 3.338889597117140062e-01 3.316635414385285269e-03 5.595968040311251508e-03 1.085801149963741465e-03 1.462260136200812730e-03 1.859473610081504788e-02 2.701493567810787227e-03 2.704489978340071307e-03 5.884561420093070531e-03 1.237797704193017599e-03 3.161379059934437807e-03 3.623443872495908918e-03 2.440982468102349534e-01 1.889981867208878705e-03 8.932993458423170441e-02 6.840420207899659127e-03
4.758776794290622142e-03 3.346272193948970127e-03 2.051405715519317476e-03 1.938801746666928352e-03 7.777969295521075738e-04 1.895982256153791370e-03 1.633318770296371533e-03 1.667964883790447588e-03 7.296834836531831091e-04 1.476055009555609547e-03 2.398443541714360104e-03 1.921358337297423896e-03 2.531564052855313478e-03 2.675206787358546268e-03 8.299669627812742085e-04 9.497325412188052374e-01 2.722223953201171383e-03 6.940611362510444582e-04 9.775669885904181029e-04 1.584511803817077171e-03 1.550322440371676436e-03 3.881215285641313913e-03 1.831210028114641257e-03 1.087608317749227862e-03 2.322468592920218840e-03 1.409982446466154357e-03 1.573690322637607154e-03
2.079719418010244313e-03 2.212147403227404348e-04 4.913100785671459638e-04 1.532324764701018492e-03 6.802260726674889176e-04 1.661360849148711650e-04 1.383524338717988461e-03 2.780402392787374092e-04 1.526322084998956753e-03 1.641081708567394392e-03 1.852767315573219421e-04 2.312981971126794030e-04 4.676063212538546059e-03 2.640613721496792420e-03 1.455590656897131621e-03 2.675116677354226263e-04 9.703172964765284236e-01 1.868779405695579661e-03 2.028753004612399765e-03 3.871501461157332330e-04 2.106879863322059436e-04 8.637542608622729694e-04 2.081575176577311534e-04 2.258340178235851978e-04 1.207421174573461995e-03 2.691899294678342259e-03 5.340129970357435129e-04
1.852723915714042657e-02 3.709014515226704417e-02 1.821870011490963892e-01 3.111002896296429648e-02 1.369136825520242060e-02 3.793177896708837833e-03 1.751546829462485508e-02 4.110995308979636248e-03 3.796058911251343204e-02 4.476767171822058911e-02 5.207418914305320806e-02 1.267529102834203010e-02 4.221219777612175011e-02 1.448266977309263862e-02 8.716453231185914904e-03 2.043316376344652806e-03 1.809081091611927997e-02 1.907776850431788448e-02 6.851606883774022383e-02 4.218213708854401389e-02 2.009824437119125118e-01 2.164427088654311687e-02 2.102354542950991487e-02 6.343235231959701466e-03 4.204496186287028786e-02 6.129613273836828982e-03 3.100734192078811666e-02
1.252909509470688867e-02 1.319056757740184015e-02 1.052124925666451938e-02 4.808297004573741130e-03 7.677668646988071097e-03 3.174824849261227017e-03 2.290373599780458000e-02 3.318377869828269960e-02 5.799254382807404046e-03 6.420062277015886609e-03 2.977660077839387309e-03 7.495721408191929371e-03 5.592292211573752364e-02 3.047183860475194753e-02 1.035783137211646748e-02 1.460851821651962387e-03 1.104491006300813843e-02 2.375115151143452133e-02 1.878047104187108296e-01 4.979928254677478544e-02 3.011710816193010828e-02 6.563803731013634346e-02 2.396069424942781911e-01 1.110189362276216979e-02 7.843208963608475082e-03 3.325673798283532157e-02 1.111406577387251682e-01
2.477787527298140589e-05 1.343869436464029772e-03 8.376396852478500479e-03 2.290012029408257095e-04 3.484707244261590637e-03 1.502999790969864347e-04 6.594639370293769131e-05 9.472888328132656952e-03 6.740210193225273190e-04 7.337019063631235660e-04 8.868477507367259483e-01 7.019049471443970095e-03 9.227962238633675464e-04 1.049604042551833920e-02 7.178689955537062919e-03 2.337312251854841534e-05 4.990818855975662043e-03 3.724935019441782784e-03 5.843670735430505150e-03 4.040258625929959687e-04 2.221596079106906842e-04 1.603358580095900002e-02 1.312705527825914868e-02 1.423469506234341245e-03 4.830896644317649036e-03 5.239891484672808825e-03 7.116181030562157908e-03
5.126171610213262411e-03 5.562685516553680411e-03 5.508662653637392582e-03 6.669946625482654767e-03 1.388331111109565932e-02 1.589110217283826480e-03 5.002693583205855901e-03 1.165564554432835763e-02 1.410096449501430224e-03 4.545498099054448918e-03 1.389431314544961951e-02 6.714265777091524452e-03 2.517279558303949991e-02 4.601073698684920478e-03 3.858604921359506772e-03 2.658161201318649716e-03 1.148850862540142653e-02 9.944413954138984005e-03 2.172128971900958924e-02 7.903245727098033857e-01 1.175404011440826443e-02 5.656353991851479669e-03 9.679410120944731064e-03 2.817996002197942912e-03 3.558403209622153316e-03 1.217564414842184015e-02 3.026331666899935609e-03
3.622818299133868936e-02 4.617560014154888787e-03 8.841796484786224042e-03 3.127012959505416721e-03 4.645934091348405404e-03 7.572467268021982473e-03 4.066248030266714913e-02 1.419570253880656809e-02 1.821245466704369577e-03 8.236731888479173480e-02 1.204516106300706525e-02 7.943837589532938559e-03 3.418035630586351015e-02 2.541508056403031235e-01 9.522809771212661575e-03 2.810383236837022281e-03 8.229054882575720375e-03 3.326142990658313009e-03 9.702760401737789420e-02 5.015087778292223047e-02 2.065014869498103291e-03 1.414139207057149572e-02 5.686401765203876607e-03 8.086678025492415045e-02 1.777054752833269469e-01 3.051104262135554898e-02 5.557158852703999834e-03
9.996640237362333994e-03 1.048632067435798232e-01 4.076029164998617310e-02 1.298964793110489180e-01 2.180639298929290884e-02 1.649409838854447655e-02 6.084967027786662708e-02 2.468005597409627175e-02 1.160371750537428359e-02 1.033962930179240791e-01 2.555959825773318483e-02 3.326454784571382384e-02 4.974003639877455640e-02 8.731222809291215928e-03 1.346676967660710537e-02 1.505507110828396920e-03 3.708970101205999459e-02 5.428212671826571772e-02 1.630690800927301828e-02 1.497853416536439053e-02 7.207793428895681309e-02 3.931684663966850124e-02 4.176305587360287785e-02 1.315820413267205537e-02 2.679336875184549875e-03 2.992548880617201812e-02 2.180733528475577165e-02
1.219501565040526786e-02 1.197646361264724339e-02 4.477066995869410926e-02 1.345715798292753448e-03 4.787218371599747703e-03 7.049592822866753827e-04 2.167860738862903078e-02 1.061067306461457721e-01 9.339184922719266646e-02 3.731982623052004094e-03 1.872330913721428555e-03 1.836541124764417676e-03 1.269377897646415017e-02 9.258456090664860579e-04 5.380516850979284770e-04 5.795888359596429451e-01 1.621094205722280884e-02 3.587049079529274149e-04 1.786751904990834710e-03 3.474734651156739101e-02 8.344415389245048512e-03 5.550689284328524410e-03 2.157270987450068522e-03 9.786812891988995455e-04 2.148728303922430374e-02 5.766048290848389823e-03 4.467269510268085005e-03
1.124220416867403871e-02 1.057712134429000111e-02 2.166997601026092804e-02 1.361473818348917474e-02 4.007086424034324128e-03 5.203876063998894366e-03 5.342380935293111754e-02 2.011105221096977369e-02 6.049845582188781434e-03 8.287068557817592329e-02 4.529202208144119529e-02 1.586441850867882988e-02 1.514944029964876426e-02 2.495502668684415962e-02 5.524159669779380236e-03 2.340633561700801273e-03 1.728932052727123747e-02 1.433638319824410978e-02 1.909226788839553379e-02 1.017548456978087032e-02 1.875547811097795850e-02 1.883883136000157055e-01 2.340333513241806690e-02 8.089684898153164105e-02 5.109839916683148880e-02 4.348193455404055635e-02 1.951861385433867890e-01
4.691781975764200245e-03 1.548216374843803221e-02 8.861509530686001446e-02 2.570406821423725646e-02 7.017603960554512528e-03 2.509363876446252598e-02 1.469578763694067702e-01 3.338611128175129200e-02 2.667989098578965254e-02 4.633633412510861777e-02 5.047799167957989913e-02 1.134631002817369018e-04 8.652203615838065243e-03 3.179813703449953927e-02 2.434145128809721108e-03 1.249110230960944444e-02 9.474741621896866361e-02 4.703792079962410694e-02 2.486150305548516515e-02 7.812731164305133924e-02 1.719508269833317990e-02 1.653172611790842683e-01 2.333533671519957744e-03 6.240766052483064357e-04 6.779612057183961524e-03 7.785029180455187853e-03 2.925964529005451245e-02
1.924995701644351218e-03 5.865002181188183616e-03 1.991998221043483550e-02 3.192241971888122240e-03 4.751783506638340530e-03 3.510827781183411406e-02 3.619710481633656076e-03 3.705652520717052194e-03 5.455212678557602550e-03 2.155938993466524276e-02 3.580651115428623490e-03 2.432503922997189452e-03 6.011664193793231359e-01 6.719919768875481925e-02 3.883339357845002737e-03 3.548524444169048712e-04 2.107708445956814336e-02 4.677809535343421289e-03 1.307958863871822898e-02 7.028952023406940218e-03 4.195443345904467658e-02 5.273228584152758747e-02 1.952656482571022908e-02 7.217365041866469384e-03 6.043179283335585981e-03 2.402188874159946232e-03 4.054133510935178236e-02
1.183390035168098951e-02 7.206402957262614706e-05 1.511518273426582046e-03 7.136369684932129505e-04 4.033921727495870211e-06 1.288648247149889320e-02 1.814043380543242960e-03 4.592128348779050029e-04 5.659425833061945211e-04 2.507348513554910575e-04 1.749877420528950581e-03 1.225976169548813940e-03 4.389327854788708724e-03 2.673737740844670582e-03 9.246589582088600157e-01 2.290971157114672120e-03 8.580360053649219165e-03 3.213712395371410278e-04 3.978446946403371536e-03 4.739053070372938070e-04 1.520596582220604229e-04 9.351920584998957373e-04 2.238220704693540792e-04 1.917329930328768835e-03 7.128820877935090200e-03 3.814615929866211740e-03 5.373657709882977487e-03
5.773233226321924233e-02 1.452076475513509358e-02 6.839799242510437305e-02 1.144722873193901140e-02 1.432179423985384132e-03 1.888029955887923425e-02 2.988207566426512134e-03 2.408179842957155689e-02 3.278192286378463216e-02 9.250948061247106502e-03 4.735383678528804624e-02 2.849689899360477452e-01 1.718320728937191011e-01 2.223201313975406782e-02 4.410859814692181385e-02 3.245800350059648443e-03 1.294273524098818635e-02 5.665364131865940900e-03 3.744413169120833912e-03 4.713467721285935323e-03 1.978402398415325669e-02 1.701226506649680670e-02 1.255353868171132925e-03 1.289848709031506634e-02 4.538526985520630747e-02 5.281314030578486418e-02 8.530494235529080191e-03
9.751733337207288410e-03 4.748426456922427014e-02 1.923098788817606819e-01 1.319852892818565160e-01 2.340505795190033628e-02 1.665259181853669807e-02 3.061123382021831933e-03 1.070233387047826376e-02 1.201814475726719483e-01 3.373800201121592707e-02 2.288760253910981229e-02 5.969816446105945945e-02 7.909907732713085393e-02 2.795011873540994337e-03 1.300633274265714998e-03 1.314472964681302628e-03 4.525164818278801931e-02 1.367068093569946859e-03 9.909243994620326942e-03 9.244403919107252324e-04 1.301426291783114135e-02 1.403962061555726927e-02 1.071625058727778378e-03 7.914684588821814526e-02 5.952747282371309914e-04 7.800866284687439645e-02 3.046221650034671596e-04
1.262089448551720165e-02 1.444669180713370471e-02 1.246086779671237849e-01 2.989219737624555506e-01 4.070460661840647615e-02 4.187771970317266060e-04 4.894387511788149230e-03 5.512509850822649819e-04 5.641100668524996233e-03 8.747245917078266472e-03 5.696241912471582992e-03 8.281218033266193879e-02 1.193399687673803861e-02 2.570304479908444573e-02 8.848337668678369142e-03 4.151057803187044315e-03 1.331918540394761742e-02 4.883455648932729688e-03 3.301670318425350276e-02 1.287746294849861743e-02 1.326270528334979049e-01 4.430347769103087224e-02 3.325013745131651793e-02 1.176127670588703739e-02 2.626380567966428783e-02 1.440705228145452294e-02 2.258992385855291760e-02
8.464075394353380855e-01 2.645354604638909079e-04 2.592008237956171073e-03 5.522871543845671131e-03 4.172743443063686893e-03 3.365361761820868415e-03 6.816344851348727849e-03 3.019169027582353435e-03 8.849609218015460754e-04 2.646036705129319565e-03 7.069749732180467469e-03 6.892999238441785545e-04 5.795187971018469879e-03 6.522260276516224191e-03 3.448550575127053500e-03 1.957396467750052022e-02 6.832718151365011448e-03 1.836093601250470865e-03 1.373013357218300610e-02 2.053602409513055269e-02 5.075708304266997838e-04 1.604010721252482983e-03 4.903669094260714942e-03 4.752826716038886963e-03 1.664804161780156569e-02 8.842461948858650750e-03 1.015865106894438307e-03
2.935243139824203137e-02 2.297951844059983526e-02 7.425094923327631158e-02 7.860914594710607245e-03 3.437609851752346062e-03 6.496587229068412524e-03 3.062529262510749195e-02 1.201212336602201607e-02 1.285145112590085383e-02 6.061637768915492837e-03 6.568264309999177243e-03 4.047871520034102347e-03 3.725666685604058642e-02 9.613795557306828790e-03 3.197387404402629758e-03 7.449495928718625863e-03 7.625793287832285418e-03 8.165505154341680047e-03 1.637923620938024072e-02 1.810429273895277497e-02 5.505723119643134433e-01 8.857295646859476845e-03 9.381585462027247635e-02 1.109014505190228199e-02 1.367471678621288165e-03 6.069131667003942708e-03 3.890964770422845539e-03
1.777519472601477241e-03 3.429472591333636061e-04 1.662188509264870065e-03 8.469156256597266692e-04 6.945196071636211554e-03 2.217682816329657851e-03 5.512182947660829169e-03 1.408775555120384514e-02 2.722895407757003425e-03 3.587993497558684686e-01 8.362762226732232962e-03 8.274558205837895556e-04 3.350313676984025685e-02 1.793637827743606306e-02 2.168824417848879901e-02 4.434938420164456080e-02 1.253121191133949215e-03 1.091460468877409121e-02 4.148149909812882952e-02 8.486923457135744572e-03 5.292190833633020905e-04 6.372832660901466516e-03 1.915922792995002413e-02 2.541349737427440192e-01 1.077215444270348266e-01 1.756258830456909961e-02 1.080147052442343228e-02
2.574597532725558628e-03 7.118589136688358368e-03 3.938540413101823505e-03 1.013324580929072377e-02 3.759483108674495280e-03 1.916724938277249157e-03 5.070257211711927392e-02 7.652299246246192788e-02 1.187135249471119730e-01 2.987442142314906263e-02 4.541291547601769563e-02 1.296686783350182483e-02 1.367266197150641127e-01 1.365258887251485573e-02 1.188656442528391449e-02 2.493246672843281485e-04 1.093752903886487278e-02 7.789856286229471238e-02 8.275177143927413270e-02 1.195429078571598469e-01 1.595707830928727589e-02 1.852392585123988078e-02 3.285908432286552272e-02 1.752586046182952328e-02 1.230867367493030436e-03 1.317961794690072214e-02 8.344322166452321221e-02
