2.476753992914129676e-02 3.130738243421910677e-02 2.854390584797393202e-02 3.312660629389477251e-02 1.029931541191446073e-02 4.560082979389284280e-02 5.470511518018071617e-02 5.061047814089083413e-03 1.623099003355726877e-01 1.298142299791502259e-02 2.890194067709127290e-02 2.981154440883070078e-02 4.784475549100920821e-02 2.063170910523294543e-02 3.234072478451026356e-02 3.614948052199584705e-02 1.837838527528125668e-02 2.380798144051533838e-02 2.913082102661712289e-02 3.458444270890707883e-02 1.059489583405085339e-01 7.984867587285474078e-02 9.411408968982985443e-03 8.405599675687661565e-04 5.815339847706590959e-02 3.551214689423408399e-02
1.369635045456234386e-02 2.416376906822395934e-02 1.004847701841567326e-01 1.191640087048689151e-02 3.914170847796300673e-02 2.012915522311625391e-02 1.043437356587146869e-01 3.433498025779349681e-03 4.722991948417532004e-02 1.161050527164056434e-02 3.226614019802801631e-02 1.266182982417194194e-02 7.179469350175106401e-02 2.982841317952061866e-02 5.166064004022676015e-02 3.109671842328810137e-02 2.285310439835645455e-02 4.972923501778980793e-02 4.907831832591495747e-02 2.286330502487580671e-02 3.224419255356841124e-02 1.068929511263860405e-01 1.107704622797419693e-02 8.302547477957245362e-04 6.267326445782629707e-02 3.630008023370654563e-02
1.944535417667391658e-02 2.715661857227888443e-02 1.546737369141788429e-02 3.183133413971836467e-02 6.029616822218283705e-03 2.871615647482700026e-02 2.516294386856524415e-02 6.528007424082693175e-03 3.407919670494122255e-02 1.417616125973551397e-02 1.506229379456136379e-02 2.845595177482373311e-02 2.508360568886074463e-02 1.721211182608370360e-02 2.360753901832615340e-02 3.966994616152496600e-01 2.941124203455386735e-02 2.891841892405265860e-02 2.268003600977149328e-02 1.822045354382301197e-02 5.585037005674844957e-02 5.881939729501862307e-02 1.199826182461910702e-02 3.228478704802597698e-03 3.127696059069406259e-02 2.488265416355172135e-02
1.443944876184999858e-02 7.565920887552676777e-02 1.368510735547986794e-02 3.343347956103574770e-02 1.194597706791990753e-02 5.882809451336513951e-02 7.314019921813551262e-02 3.184994425183189457e-03 8.296461892206191679e-02 6.783283590076689094e-03 4.102683751015616387e-02 4.072653885528033230e-02 8.140453408016795622e-02 2.237323144322045723e-02 1.255906855049349069e-02 1.627046930871599295e-02 2.088717810506421704e-02 1.423281035355833737e-02 3.190733770054776652e-02 3.134631916043479488e-02 1.720095719055206307e-01 8.506100934578882111e-02 7.315793094181942749e-03 4.654608948875278013e-04 1.859560460038364033e-02 2.975382280096311449e-02
2.200348409708150280e-02 2.594239259719658547e-02 3.264778441533572328e-02 3.059523469153587610e-02 1.458242413685193958e-02 2.883136157099118121e-02 7.650291497220065851e-02 4.676888605157052646e-03 4.724936715291239847e-02 1.366481973713255284e-02 2.723668226627142322e-02 2.810116735843812275e-02 5.207006345354511095e-02 2.011008498529927996e-02 2.231112926238404404e-02 7.496069349656761527e-02 3.387643346541985984e-02 1.064593473244428157e-02 3.390048822467209289e-02 2.474578405905148229e-02 2.317102804786503045e-01 2.886965592404832151e-02 9.372182420501102423e-03 2.547718453527608728e-03 7.225336257725820110e-02 3.059166686552568931e-02
9.444104746082192595e-03 3.553561453773149137e-02 9.516886357930562368e-03 1.269440052261451568e-02 1.377062725168662523e-02 2.832341590764602887e-02 9.380685575457950454e-02 5.502767825239282713e-03 2.081584695349975381e-02 7.693079804702498449e-03 2.997481270344193663e-02 2.274336717629914933e-02 6.010028085337788123e-02 2.069090176616938601e-02 3.252950443413903797e-02 2.951784655462152615e-02 3.841444933305497578e-02 2.208464982741620980e-02 8.722849594600798340e-02 1.444827336777390059e-01 1.139818240058814297e-01 8.497503457931798732e-02 1.499692831666706201e-02 2.425216840541994517e-03 2.420691282688501242e-02 3.454344149672693154e-02
1.825978399947187497e-02 5.512549025944694231e-02 1.227524754602247678e-02 4.031893833951020328e-02 3.434218252385724032e-03 3.931626861756785940e-02 6.161946367486049320e-02 3.940613560184789976e-03 6.052660040564934729e-02 1.155003188898784047e-02 1.255837397958936563e-02 3.098426736373519064e-02 3.276882305958351421e-02 9.618847125984214194e-03 1.223637137459033380e-02 3.954436582525377997e-02 1.729165249823562747e-02 2.152601982239552014e-02 3.044499963866937470e-02 2.664230484185818940e-02 1.642579313363452531e-01 3.417625181651577637e-02 8.107014145352916396e-03 2.639079735511444622e-03 3.703492389551994030e-02 2.138021169967722346e-01
9.102520254430585336e-03 3.631936457145325259e-02 6.303852080050369525e-03 1.327839847434601241e-02 9.971220535524041167e-03 3.398948189660102454e-02 1.992199981753456361e-01 3.066693028882715340e-03 3.006100466450204942e-02 5.326943167655946200e-03 2.445701532312117080e-02 2.805226308593545062e-02 1.019685594065597167e-01 9.656162178988032113e-03 2.253356972328635771e-02 4.576441250695699112e-03 9.264025571070842041e-03 7.679548947961436361e-03 5.505923640483657150e-02 1.743451035901961710e-01 8.192897036450663695e-02 5.442545254630358487e-02 7.304504638997184017e-03 4.881859398532751508e-04 1.279082676086383194e-02 5.883065741803246429e-02
1.756292189282038230e-02 3.016873341751214258e-02 3.762328273648973820e-02 1.779192559916637981e-02 1.983459870468999228e-02 2.913701270636211496e-02 4.319290595470538785e-02 5.952811233917812764e-03 6.810866780021031242e-02 1.584353078636005149e-02 2.176336992452499244e-02 2.007021395294459470e-02 4.771125205332510388e-02 2.842065916659190783e-02 5.138597339547259363e-02 9.651813200018327654e-02 4.416630625202995486e-02 7.339871086411695056e-02 5.358556357300080925e-02 4.833591891325748902e-02 3.273316218478726503e-02 9.795182804739570315e-02 1.666640067644644188e-02 1.947383455501891644e-03 5.864944062908056255e-02 2.147929407910594002e-02
2.417711067839407521e-02 4.095230138173589635e-02 1.307627490803358883e-01 2.774440479172765248e-02 1.918804617408161745e-02 2.810212692693397560e-02 1.530005950805111981e-01 2.247747046494237740e-03 7.288725490167419219e-02 1.706816368705740827e-02 1.103250315053641399e-02 1.744394331246033186e-02 2.448267042507063992e-02 1.651626091770040661e-02 3.779322801978370755e-02 1.140455536451091545e-01 1.833231866271171212e-02 2.222175460502019001e-02 4.392338623122922503e-02 1.392672315846983470e-02 4.071248188511625982e-02 2.340491782051766154e-02 7.380599188185097553e-03 7.859282631116373775e-04 6.062833050764896564e-02 3.123890045838262353e-02
2.839982367784010808e-02 4.278101722999885087e-02 1.185125466278222073e-01 3.787987106401931314e-02 2.811300484845206255e-02 2.471254560745868994e-02 1.321060393332056104e-01 6.899845626240994761e-03 5.301236640244082893e-02 2.342736055673661985e-02 4.081381235914482986e-02 3.162719423041015360e-02 6.084184877786653206e-02 2.568098514467610782e-02 4.594036852997336606e-02 5.546229960585653124e-02 1.667555274468427925e-02 1.812275494000727821e-02 2.186778908234422031e-02 1.996999510550612547e-02 3.214495163359735314e-02 3.097519899396848977e-02 8.250521574848651563e-03 3.951319043556652220e-03 5.345697734542439322e-02 3.837400991391976685e-02
1.326783604248094398e-02 1.165057664574613433e-01 1.009333672418019634e-02 4.200614668740740992e-02 6.582483829355076886e-03 7.726915758446913085e-02 1.207237162566638794e-01 2.697748550143655704e-03 6.821878718848647938e-02 5.870705334499497913e-03 4.054115423835068233e-02 7.049261727666876476e-02 4.777597556285049368e-02 1.176035300384887031e-02 2.373168456609302604e-02 5.316637434645294508e-03 1.000601736168831024e-02 1.085386775991693635e-02 1.429047147453101074e-02 3.440461383697526743e-02 1.448230644185007632e-01 5.940264727936846179e-02 5.341341669423817912e-03 7.691599319559963696e-04 8.247438188716467097e-03 4.900727134131822871e-02
1.886482690833915857e-02 2.159889184299283379e-02 1.511756238996119460e-02 2.313974304758331310e-02 9.030375641233318387e-03 2.219427307369993899e-02 2.640945040603887017e-02 5.284560108935710925e-03 3.196028756150084277e-02 1.147921736800958104e-02 1.664211870186742617e-02 1.903422380635140521e-02 2.610936426257537760e-02 2.380129663071290855e-02 2.427499549700860154e-02 4.476772020674825714e-01 3.572667921821862796e-02 1.264601231531769197e-02 1.884748610953365308e-02 9.814581852911546250e-03 7.218367305964099034e-02 4.000278472862102419e-02 1.095371056644720183e-02 2.193076127305033235e-03 3.192646880419738181e-02 2.308713790351370199e-02
1.309985134772732700e-02 1.432096599593213060e-01 1.069989226571584594e-02 2.265546377868164069e-02 3.694477362345187539e-03 8.405773230641866434e-02 8.213599764131289394e-02 2.745620167651681431e-03 1.446730432178539305e-01 7.096823329327498799e-03 2.508500470635437879e-02 3.758117305906562289e-02 3.380128468250605256e-02 1.637846401331202392e-02 1.548787866668762357e-02 1.246455361390830067e-02 2.098192219874412540e-02 2.097148478083175546e-02 1.943268846204945430e-02 2.013028335958498907e-02 1.170179227896501473e-01 8.638463812687055543e-02 5.926896434606092508e-03 3.828833180233123692e-04 1.455172072354135419e-02 3.935263968790837091e-02
8.809455509242926363e-03 1.945099299714236202e-02 2.438378800185283732e-02 1.266114797822748619e-02 2.343952907622960311e-02 7.886091510831553728e-03 2.531689499342593130e-02 3.313729543734432112e-03 3.114784686672658967e-02 8.691824349960210888e-03 7.748895825057181865e-03 6.679357950803310566e-03 2.014399050616883999e-02 1.543701102059903164e-02 2.408492771007484171e-02 2.032126963561866131e-02 1.215673727307662981e-02 6.013902217275909345e-01 1.863680209811563460e-02 1.817554640632905449e-02 1.339611229300128247e-03 2.374814643987713941e-02 8.479135313353980408e-03 2.597635884459297082e-03 1.314881794329068702e-02 4.081059220891068012e-02
1.886073261802044543e-02 6.340003870268687280e-02 1.037701470797991812e-02 5.493412904866398078e-02 4.791441906613213772e-03 7.226193795439682377e-02 6.455610309718518014e-02 2.940225332591168018e-03 8.883892909785015557e-02 8.515350463874379536e-03 2.119262112224046951e-02 5.941304958691318722e-02 4.800456407076726661e-02 1.100358708787032604e-02 8.745656373150249505e-03 3.735280149989560206e-02 1.041205339352104312e-02 5.342398001270549576e-03 1.806045908050007975e-02 2.169180397404905231e-02 2.412874072231928624e-01 6.213930752006954078e-02 4.859897103763063421e-03 6.240217932293850569e-04 2.107235476646902514e-02 3.932211447323612219e-02
1.286984690064486847e-02 1.752755238261354161e-03 1.884808176792983347e-02 2.537104351735657362e-02 1.469420756091521611e-02 9.174168609089452392e-03 2.339565237279407628e-02 2.447366982477688913e-03 3.607585817906883846e-02 5.564209284487739438e-03 7.739104897851674207e-03 7.448915247629642883e-03 8.406552094401852082e-02 1.745184222140972949e-02 1.171948528686681257e-01 3.310433116695813555e-02 1.778263532240460017e-03 1.680845745294676230e-02 1.452885820690461016e-01 2.635303369291299713e-01 3.365490114042726799e-02 1.719517211480890012e-02 1.208852644430065404e-02 6.522866666421446233e-03 3.232400065743099710e-02 5.361113523368608164e-02
7.567301338827679691e-03 2.125746342055498048e-02 1.636041486213719864e-02 1.098870670706922001e-02 2.319109045179668788e-02 1.752595209062555656e-02 4.252111739359852594e-02 3.052675905911306393e-03 6.054004077747915380e-02 6.417865392566587772e-03 1.462859029269488083e-02 1.188673710756233369e-02 4.897405887328845631e-02 1.058071938731698115e-02 3.570803849273922193e-02 8.095710613826721108e-03 7.493137049103136896e-03 4.508524315507522195e-01 3.497217988629180985e-02 3.356753235442291178e-02 7.991037099186448431e-03 8.061818336898451953e-02 8.166453464909403243e-03 4.545515595378255024e-04 9.276168906938317416e-03 2.731184165187800286e-02
2.969861921673419558e-02 9.792316839419205887e-02 3.232446694972965218e-02 1.340198838444692231e-01 7.175714307797860687e-03 6.853906039046279985e-02 1.309688185354292711e-01 1.451234294488043140e-03 8.198692898441255206e-02 9.149635714310601700e-03 1.366468009542195182e-02 6.764524709525046586e-02 1.613473662099467604e-02 1.105929251688639314e-02 4.367328523521606456e-03 5.222368585984831640e-02 1.467750577370685768e-02 8.466114156951925693e-03 8.794751723432785856e-03 1.647179792655810784e-02 1.216375494710751209e-01 2.142819730894947317e-02 3.574596126853471067e-03 4.565864487768178269e-04 3.108125941667841743e-02 1.507914030306711090e-02
1.449705190771850144e-02 1.138791408522464577e-02 2.564353269564419169e-02 1.194848219202026413e-02 2.010043489802202515e-02 2.552540484719835120e-02 7.191874759746222368e-02 8.731186920076352068e-03 3.398834191769994212e-02 1.513022559953780891e-02 1.518464060428958290e-02 1.876269651763681420e-02 9.780633249419602715e-02 2.010067431763251297e-02 6.549709470928358201e-02 4.434513497973162355e-02 2.647553550851147394e-02 2.796558313747976240e-02 7.919672719792988924e-02 1.575151705377591527e-01 1.498285998170821934e-02 8.103534603060194574e-02 1.923208390386892119e-02 1.864721167565881266e-03 4.357561319433066876e-02 4.758846305686940947e-02
8.339649595941160329e-03 1.741948383598739686e-02 3.155474860094120010e-02 6.250296387119602670e-03 4.398759713152189388e-02 1.520102441951904498e-02 3.029460614182529626e-02 5.817322820208405305e-03 3.495838049771099465e-02 8.312987310105405744e-03 1.906185463918168288e-02 6.309681336530942146e-03 3.663491135740426508e-02 1.698478822279166772e-02 2.661101834060887808e-02 1.756942127172125140e-02 1.806627273338360859e-02 4.086622624437663553e-01 4.989031872047783311e-02 1.381051601288327789e-02 8.106074191666392398e-03 9.432999439215020154e-02 9.745031126532285870e-03 1.079479059966044659e-03 2.461165190847776005e-02 4.639062750157723486e-02
6.227346656775548800e-03 3.603318223320454896e-03 1.736379283643896265e-02 2.855980155145543698e-03 2.515439720612206928e-02 7.337387411211990576e-03 1.606798476129757056e-02 4.402213306676072864e-03 7.845726009984963292e-03 5.835516158494732757e-03 1.678036634264437610e-02 6.453184871475561683e-03 3.607732138118613374e-02 1.529259739175261104e-02 6.297373154433777431e-01 2.313470066176789852e-02 1.095455997114873695e-02 2.986051505370352840e-02 2.318437977108292469e-02 1.288505171769389890e-02 2.194655296757628757e-02 3.342152728544299511e-02 1.268766107282917784e-02 8.267660166141690276e-03 6.582348170122295609e-03 1.604059500658614953e-02
1.704067488039932507e-02 2.637807413506159521e-02 3.453838682868313331e-02 3.015429554067471790e-02 2.786257629673452238e-02 2.728262123507237125e-02 5.826985286582242463e-02 5.461189232770996896e-03 4.605048488556871822e-02 1.326501731009576898e-02 2.611009878467396295e-02 2.430177184092977352e-02 4.831932190978184549e-02 2.505310338205897144e-02 4.069610111228745553e-02 4.974527586238042254e-02 4.945775665512827657e-02 1.059837532688364808e-01 3.464102907067776599e-02 3.724054346318417252e-02 6.740589021780386825e-02 8.385207239564991533e-02 1.418199418876591594e-02 2.677338492250412334e-03 6.875153260623943774e-02 3.527924353846764727e-02
2.752732579550292921e-02 6.662945848141653415e-02 5.823901408073139246e-02 4.395055808644013351e-02 1.959114757525141221e-02 4.855261023985733837e-02 7.560332449416892753e-02 2.379134793332689669e-03 1.554878236865920860e-01 1.167009266949886777e-02 1.904668028640259247e-02 2.601294053517227631e-02 1.949557035957688242e-02 1.935878430595352334e-02 3.497005251791229091e-02 3.503277425662682659e-02 1.380667615979478888e-02 2.226313412486948320e-02 2.404883983515503088e-02 2.419591865612102932e-02 7.954401186444944039e-02 5.241354288489755153e-02 7.589123805797749409e-03 9.474992826532137443e-04 4.559811809184551729e-02 6.604584312997947848e-02
2.667154512964361665e-02 2.755635541189076498e-01 8.954682613526658563e-03 6.004004661832213624e-02 3.529337292894939651e-03 6.935762243738208266e-02 1.139665147358306097e-01 2.613832829268639395e-03 1.013985227053713356e-01 8.757318306957506335e-03 1.592437295997447752e-02 3.790727590103419586e-02 2.507523565399142132e-02 9.908111593637939848e-03 8.039856551636593782e-03 5.837689579319514308e-03 1.724814406107809048e-02 1.172086769557243759e-02 1.076183404295652860e-02 1.662386782256663337e-02 9.175058480120502902e-02 1.076521600666149187e-02 4.392939040551045379e-03 1.820690821050926275e-03 7.904658321692643180e-03 5.346567835896578330e-02
7.703213883760999699e-03 1.285608708607479268e-03 1.898235698687907383e-02 5.801603262503353918e-03 7.107585417511108616e-01 3.251353028935454522e-03 7.651715672854453483e-03 5.911264529638023818e-03 3.806228828336125861e-03 7.320779762661065726e-03 8.990968887479369731e-03 4.059240951747608225e-03 2.614954225560527090e-02 6.117546698189014164e-03 1.291387193827644823e-02 1.667381293976189210e-03 4.918474223869833198e-03 1.911640599823331149e-02 1.959055739265745319e-02 1.337844825436887604e-02 8.088620893361668854e-03 7.791158197339829658e-03 6.025928385098347148e-03 5.314611433158168696e-02 1.593972716472058168e-02 1.963334671820776353e-02
1.827853908693415769e-02 3.213683680984493612e-02 1.771728930060699828e-02 2.328635464879989098e-02 7.177772628059602388e-03 3.364234920013534774e-02 1.522324036211922249e-01 4.378910051783209412e-03 6.488781558721259946e-02 1.187109919052701905e-02 1.327037295158172911e-02 2.332759296457470252e-02 4.128780998119164353e-02 1.640061827579519793e-02 2.543863710936734510e-02 5.314370986001214908e-02 3.305403953191030086e-02 1.433230416870683727e-02 4.578113344944693963e-02 9.512326422968764295e-02 7.114908084849913550e-02 6.471021630346840414e-02 1.046392146706419390e-02 9.380805008663796116e-04 7.463860122607039738e-02 5.133124700666109874e-02
1.884598817915107000e-02 6.390431947679085789e-02 1.165058009536853491e-02 2.905496692325315600e-02 8.175367822428128428e-03 8.211999236958082704e-02 7.078859596669444254e-02 4.841026431859928036e-03 8.876138071455064171e-02 9.530024968531156104e-03 2.588027383831007985e-02 4.507617921949073209e-02 4.805388897040566848e-02 2.037321016018265110e-02 1.756276353859871631e-02 2.638898535029941469e-02 2.754640056792568431e-02 8.669696348397055302e-03 2.637272700964022470e-02 3.713975985338447555e-02 1.723330113928971674e-01 8.102079354738506156e-02 8.611990760304147688e-03 8.761483778434577896e-04 2.502066624337091413e-02 4.140126187335574359e-02
1.454975501096510485e-02 2.622232637083661833e-01 1.116017304907650394e-02 3.493688764693186205e-02 6.338201739869440791e-03 7.594517262269227797e-02 1.028546040663757960e-01 3.706457519751025012e-03 8.112122230434626324e-02 6.814956832129285234e-03 4.127509639685113946e-02 4.596894406077373790e-02 2.659822420454011765e-02 2.059089975588081559e-02 9.440363725526781241e-03 6.443484157546950503e-03 9.716393810497107181e-03 2.379730438888233435e-02 8.967788298288870141e-03 1.213811594657518596e-02 8.537774578530395175e-02 4.678917839614252921e-02 5.100187185445278874e-03 1.114203346304607975e-02 1.232449305805176192e-02 3.467905286614367255e-02
1.592991656085756755e-02 9.297662962543643689e-03 3.113390432724998449e-02 1.657294730669622851e-02 7.686347280586748772e-03 1.439805757568494819e-02 3.667932072437227187e-02 2.529663526890496648e-03 3.829823055372456181e-02 1.146518398303267121e-02 9.676107893764405998e-03 1.240523840454525219e-02 1.476264132545463716e-02 1.135404567237325614e-02 3.015968656365345529e-02 2.420970413030285873e-01 1.365007407048270636e-02 1.643662433986002244e-02 3.405129898146962847e-02 7.796854921820700612e-02 3.694744737112266170e-02 5.303561827214985092e-02 9.643713195785028752e-03 8.312777513151664967e-04 2.405841663222680338e-01 1.240523451288103735e-02
1.450460243736001985e-02 2.628184972981375753e-02 1.363280095989457055e-02 1.797599625042555632e-02 9.503097055674585014e-03 3.681003849948408235e-02 5.625772373246738095e-02 5.253960205552112885e-03 8.144037686637969897e-02 1.198983768589038067e-02 2.045404897055269622e-02 2.243641211620393122e-02 7.221759788063890351e-02 1.616647589269296428e-02 2.946976548138303953e-02 5.330788527831479412e-02 1.821763198212734275e-02 2.646425665705356978e-02 5.051456339099260479e-02 6.163204031945884037e-02 1.250758238168528658e-01 1.170767743041202513e-01 1.107047180819762874e-02 1.064435869749003798e-03 4.363005592489103274e-02 5.755147688382838966e-02
6.531601798410590839e-03 1.860114392376338924e-02 1.251407485357372562e-02 9.160232166528206946e-03 1.783323350218148778e-02 9.907884247401178152e-03 1.542603675796889832e-02 3.952907959810490063e-03 2.610645754399896004e-02 7.206673918871882474e-03 7.737653378050708512e-03 7.947396985588691190e-03 2.056696369749562089e-02 1.520477469896677238e-02 2.175387499421991416e-02 1.260273602937968945e-02 1.434468366442433716e-02 6.361070074900649907e-01 2.266923815158255334e-02 1.845650632180642278e-02 2.608994875486900754e-03 3.435036431149013358e-02 9.240854086000711495e-03 3.552043226509286541e-03 7.703844120229220299e-03 3.791281729619532664e-02
1.484021146354386894e-02 1.930456928688051646e-02 8.913163050811984123e-02 1.277255785561259155e-02 8.199782302668955081e-02 1.734531691841061096e-02 5.634491042032181013e-02 4.291937220253214114e-03 4.540838478620936453e-02 1.159425096056190124e-02 3.785370640074338378e-02 1.036762151361213420e-02 5.362473073394735668e-02 2.985975802974994570e-02 4.553205418200880622e-02 3.412312316384490118e-02 2.253661930586151399e-02 5.773758821341445219e-02 8.773709402152291004e-02 3.161343548708876044e-02 4.608140457753303471e-02 8.878667433650942742e-02 1.461320191933546640e-02 1.671108834192928634e-03 5.007272270366343314e-02 3.475756413036830417e-02
2.374391889019656851e-02 2.973188423065543234e-02 2.530434474710415924e-02 2.024069680105399643e-02 2.766826905621490307e-02 2.624474571479019566e-02 3.192816329713152323e-02 2.985127679597290862e-02 1.972537576187728334e-02 2.575756835239782772e-02 2.895665649371939945e-02 2.682525718199495895e-02 2.799385750951217944e-02 2.838176296316488947e-02 3.304019973643947811e-02 4.012167515819404368e-02 2.380752115601613428e-01 3.337103588266147197e-02 4.301083889828766910e-02 3.820167200313147327e-02 4.223400557662938121e-02 1.765682055666328854e-02 2.906937470940187257e-02 4.302428164202753980e-02 3.083123115427250510e-02 3.900987532634380556e-02
2.155127823352258332e-02 7.294594457561452694e-02 3.889521821950595037e-02 5.154729153295253136e-02 8.720485557831773871e-03 3.155913300348737321e-02 8.934684185433569570e-02 2.903978506380045302e-03 9.967654234139251834e-02 1.223311984965354954e-02 1.416330803327425260e-02 2.716419912221565078e-02 5.076851138254987600e-02 2.921462438074872228e-02 2.056267937748148741e-02 1.646819894850824473e-01 1.663664515695385121e-02 5.823869762115777698e-02 2.036146539037881828e-02 9.735063121292871977e-03 2.676174662265646056e-02 4.008681710347640481e-02 6.900732855668114188e-03 1.273733684745807998e-03 4.757873376457159853e-02 3.649121922306949872e-02
1.235533962298632736e-02 3.575712232558025255e-02 1.778162339847239731e-02 1.648130743276721502e-02 6.245824259368804726e-02 1.404495129559271693e-02 6.680617972729270201e-03 1.614245758779482218e-02 5.803842850335044594e-03 1.697781705734389274e-02 2.080774275658075004e-02 2.120916927474773492e-02 1.284157674747516027e-02 1.774739396699049482e-02 1.660572258546059304e-02 1.407192550853797984e-02 4.517470828830624785e-02 2.284789065921933107e-02 2.035593694373631982e-02 2.100530535045848010e-02 1.214164005824833713e-02 3.359154302948399052e-03 1.212415677773314229e-02 5.302397531828288990e-01 1.369433326348267789e-02 1.129026819595548535e-02
1.171464397089022266e-02 1.004925771459320646e-02 1.360426614541486966e-02 9.326385222520701054e-03 1.635755862671063599e-02 1.616957918854015908e-02 4.391931790644437034e-02 7.633223683848998006e-03 2.588332667570542034e-02 1.042525656262926689e-02 1.007062262762859275e-02 9.731597204127697201e-03 7.681035726679548425e-02 1.252562395065584880e-02 2.017834672678348040e-02 2.558707502131158523e-02 2.442173577309316237e-02 2.271855604457052175e-02 1.225259297339582748e-01 8.810912571959511608e-02 5.005452336720984940e-02 4.435340604206961662e-02 1.350310403992647894e-02 2.566463561785947353e-03 5.058288780993776962e-02 2.611778294132527933e-01
1.653579584245607609e-02 2.667716568781008935e-02 1.390817291833376657e-02 2.150563231164517169e-02 1.805120342573096962e-02 4.002382202808534017e-02 3.686993880895051562e-02 1.060879938732428064e-02 3.240848177530002150e-02 1.174111846141332773e-02 5.210428554956780117e-02 3.722129589929839416e-02 5.882412738824246978e-02 1.986202364043838584e-02 2.721370769074651572e-02 4.030973449554989957e-02 7.499175466697273473e-02 1.036447160003832815e-02 3.121262971966478825e-02 2.376485512323886148e-02 2.665307346777965325e-01 5.751659837761538552e-02 1.375318879161984732e-02 4.345062159864201967e-03 2.147059279807881152e-02 3.218480677421745734e-02
1.611776179592283240e-02 7.221577725256386054e-03 1.301691002062370373e-01 1.641762920876196907e-02 7.696046838032466475e-02 1.540682582384512132e-02 1.909742905680241257e-02 3.861962992412264813e-03 2.835553571219934579e-02 1.247506862992503462e-02 2.895051024961559430e-02 1.439767508069131167e-02 4.092571152925525424e-02 2.238565351681298318e-02 1.017130207872320863e-01 6.092814515109745005e-02 1.116212082627237798e-02 5.116795847294173388e-02 8.254359018833101747e-02 4.612439587551656062e-02 6.252859164100375844e-02 5.649771109652899220e-02 1.230913186025113168e-02 3.374773271072760341e-03 6.537389462706479082e-02 1.353375629462521754e-02
1.227211845866054904e-02 1.274078399541982327e-02 1.798838930387140211e-01 1.070038288176135104e-02 5.228104222717407101e-02 9.070708279433582419e-03 1.325447273716143237e-01 2.908518094998835315e-03 1.785737255649024954e-02 1.384931586975196756e-02 2.173456106688226655e-02 1.013238569023995964e-02 6.863216171671385202e-02 1.806218266238309236e-02 2.864271918962155508e-02 4.061825644749818276e-02 1.766651959729738722e-02 1.743938189679621747e-02 5.251998597214662529e-02 1.437819551882647297e-02 2.964347359627120954e-02 4.943758718975893585e-02 7.645051984174418107e-03 1.019494100649354215e-03 1.227992801105586007e-01 5.551990048616301660e-02
6.531601798410590839e-03 1.860114392376338924e-02 1.251407485357372562e-02 9.160232166528206946e-03 1.783323350218148778e-02 9.907884247401178152e-03 1.542603675796889832e-02 3.952907959810490063e-03 2.610645754399896004e-02 7.206673918871882474e-03 7.737653378050708512e-03 7.947396985588691190e-03 2.056696369749562089e-02 1.520477469896677238e-02 2.175387499421991416e-02 1.260273602937968945e-02 1.434468366442433716e-02 6.361070074900649907e-01 2.266923815158255334e-02 1.845650632180642278e-02 2.608994875486900754e-03 3.435036431149013358e-02 9.240854086000711495e-03 3.552043226509286541e-03 7.703844120229220299e-03 3.791281729619532664e-02
2.675994767624132256e-02 3.111733869645364262e-02 1.530595228310184519e-02 3.013446466010956393e-02 6.309545476136257762e-03 6.492751446289517225e-02 6.237863568291270033e-02 5.104474058204143232e-03 1.503583574626766173e-01 1.326221142049267832e-02 1.623488984213687994e-02 3.719753773284665416e-02 6.127234832064316211e-02 1.350192642449442142e-02 5.820873729658360834e-02 3.040202886084415052e-02 1.153107410979485256e-02 7.465991234547973872e-03 2.234640079315558178e-02 3.313096552568874781e-02 1.368389790817209350e-01 7.269094951321414255e-02 7.419346380148076486e-03 6.314568908527151301e-04 3.035292857811748221e-02 5.511599753598663692e-02
1.448436864591742292e-02 5.512566139110357255e-02 1.942205219727535445e-02 3.299041699657647569e-02 9.163986068603300825e-03 2.713598679425292814e-02 2.748445507536438903e-01 3.282082021838913025e-03 2.263544154738015429e-02 8.978699596579793954e-03 2.224979393453718757e-02 3.527268702788441401e-02 5.631461434830302426e-02 1.420692947734547747e-02 1.280036772134765868e-02 6.193813561011296542e-02 1.971246322632351153e-02 8.668548018694146803e-03 2.982783337912157939e-02 2.960332607747162906e-02 1.147062643718627789e-01 3.041159679851548545e-02 6.408402184163710866e-03 9.239489094543282093e-04 2.809707369935585466e-02 6.079476920233435611e-02
1.085378508583657517e-02 2.587235725827690888e-02 1.463105109866286342e-02 8.722427159463851457e-03 1.315421833526414855e-02 3.796073682653505060e-02 9.024634192895339413e-02 7.350225010277084900e-03 4.323785892707440737e-02 1.027825144034144773e-02 3.087459066768550794e-02 2.179181198400054545e-02 1.272651516477760758e-01 3.269443511650645118e-02 5.782410324810097896e-02 2.134809998809394579e-02 2.784778257207884064e-02 1.384548253570969112e-02 6.048859677623912023e-02 9.541027101488927520e-02 5.912803970969070233e-02 1.008082406354434551e-01 1.469490990918416624e-02 1.444678960063776763e-03 2.790531836942373306e-02 4.432123379442794164e-02
1.031120391817274586e-02 4.267031048844940194e-02 1.304475144269265537e-02 8.059193617356377043e-03 2.563391459776492506e-02 5.084979503944909301e-02 4.562700268521628633e-02 3.503753023017470818e-03 9.011615333945588446e-02 4.589094460129342773e-03 6.218160015667716090e-02 1.326594049724388880e-02 3.711802827155729484e-02 2.561556042644153736e-02 2.145140829673832308e-02 8.395892537424148871e-03 2.122111452221418781e-02 8.161921603880331957e-03 3.384464097892234125e-02 1.304471827230409969e-02 3.098744103056740307e-01 9.609643138401262330e-02 7.150957193262861764e-03 4.460790615527864098e-04 1.493045756555704331e-02 3.279566631483316758e-02
8.339649595941160329e-03 1.741948383598739686e-02 3.155474860094120010e-02 6.250296387119602670e-03 4.398759713152189388e-02 1.520102441951904498e-02 3.029460614182529626e-02 5.817322820208405305e-03 3.495838049771099465e-02 8.312987310105405744e-03 1.906185463918168288e-02 6.309681336530942146e-03 3.663491135740426508e-02 1.698478822279166772e-02 2.661101834060887808e-02 1.756942127172125140e-02 1.806627273338360859e-02 4.086622624437663553e-01 4.989031872047783311e-02 1.381051601288327789e-02 8.106074191666392398e-03 9.432999439215020154e-02 9.745031126532285870e-03 1.079479059966044659e-03 2.461165190847776005e-02 4.639062750157723486e-02
1.943269624414493274e-02 7.270736308249931001e-02 1.970666840434232014e-02 3.324410603445491358e-02 7.500733821263861484e-03 6.360968697290836360e-02 3.296066738474846824e-02 4.810234275764596092e-03 1.148798063907825046e-01 1.040806203094420124e-02 2.017958786605343266e-02 3.041668857986578461e-02 2.679023932955281947e-02 2.343152163828851262e-02 2.702201383388723108e-02 8.341259276854047500e-02 3.160793628865843363e-02 3.639890063721320373e-02 4.146532584823466733e-02 4.237007511376962576e-02 6.771249023551362267e-02 1.116603494074598080e-01 1.154077768894972225e-02 1.069202546048104302e-03 3.183541408155676766e-02 3.382685949455441904e-02
3.523561339837386758e-02 6.275975800426025764e-02 4.062904412078342797e-02 1.000709301693341324e-01 1.112437393388135583e-02 4.448153375547037741e-02 4.503389332966663272e-02 6.874979024242312831e-03 9.503762607511179183e-02 1.539441240310400472e-02 2.826407177542579821e-02 4.504699173804856127e-02 2.914241520588108786e-02 2.969515050411472915e-02 1.348379383818870854e-02 1.590866605380440724e-01 3.041555267566509874e-02 3.576673072619278304e-02 1.938108344639859551e-02 1.027384164136336230e-02 5.385659947191718394e-02 2.800960147543098133e-02 7.948327853428116194e-03 3.181177454881591038e-03 2.450676503910107981e-02 2.529907240169008628e-02
1.886482690833915857e-02 2.159889184299283379e-02 1.511756238996119460e-02 2.313974304758331310e-02 9.030375641233318387e-03 2.219427307369993899e-02 2.640945040603887017e-02 5.284560108935710925e-03 3.196028756150084277e-02 1.147921736800958104e-02 1.664211870186742617e-02 1.903422380635140521e-02 2.610936426257537760e-02 2.380129663071290855e-02 2.427499549700860154e-02 4.476772020674825714e-01 3.572667921821862796e-02 1.264601231531769197e-02 1.884748610953365308e-02 9.814581852911546250e-03 7.218367305964099034e-02 4.000278472862102419e-02 1.095371056644720183e-02 2.193076127305033235e-03 3.192646880419738181e-02 2.308713790351370199e-02
7.593609478122847166e-03 1.040834236992041993e-02 1.730677599682386644e-02 1.110115296433406701e-02 5.378599344952439409e-03 8.122508038514416120e-03 1.299755757610217555e-01 2.420996659524302704e-03 2.133922186506866103e-02 1.003972026029019936e-02 4.958748179116447170e-03 9.931182135941060696e-03 5.327823121686329350e-02 8.091855782011119283e-03 1.575245866143571913e-02 4.400358738282983406e-02 2.007086081954322088e-02 2.746047646185245661e-02 9.083994947922881258e-02 2.789971557283317249e-01 5.932874684032156745e-03 4.950655660501562111e-02 1.234129599698801337e-02 7.970852163417049699e-04 8.526972515824496335e-02 6.908145375365076779e-02
1.510246315871326822e-02 3.141484193849550938e-02 2.266970942418124538e-02 1.825940670980235117e-02 1.158170640782383090e-02 3.378664236205924237e-02 5.995400576471457410e-02 4.140917135878438744e-03 1.043675687202799407e-01 1.114571328977430852e-02 2.187830203016505673e-02 2.185729946077221222e-02 1.302939723159342589e-01 2.814087929858716947e-02 4.594620520809085396e-02 3.433140378774386658e-02 1.430162885006954973e-02 2.776557205050933855e-02 5.262535860243237190e-02 5.639815419081364162e-02 5.612946003879513285e-02 1.158625222717929865e-01 1.059827102765711904e-02 9.076853011559960632e-04 3.822046790687234213e-02 3.231984274688548542e-02
1.839152881701142800e-02 8.156486109992931721e-02 1.677386446859766012e-02 2.403544295639593181e-02 8.899235219067906308e-03 6.391804983859000755e-02 5.747150526228739925e-02 3.885860994420090638e-03 2.151960422121265148e-01 8.116931896190809903e-03 2.808533665757109374e-02 2.763640160974180013e-02 3.018761522213545337e-02 2.050335425634374625e-02 3.519319498368509574e-02 8.514572378353990265e-03 2.221587143641520073e-02 4.483212458583309828e-02 2.152053607643773098e-02 2.723273588832432826e-02 6.116222948047306956e-02 8.292981976388581755e-02 8.559038768340864606e-03 6.292723300105530120e-04 1.749864692844321085e-02 6.504592686938792667e-02
1.479221441520527092e-02 9.937638906045075105e-02 1.155711152050924347e-02 2.544147635614783451e-02 3.747810670984190375e-03 6.050745316023977555e-02 9.921511141499410324e-02 3.448504612043051896e-03 1.074224538016980146e-01 9.201429963415785201e-03 2.484401600369076993e-02 4.301062525140120218e-02 3.782142023002273840e-02 1.463414525363488684e-02 2.055046689380985239e-02 2.928050660809431577e-02 2.595570598198322990e-02 1.189534438398463616e-02 2.438767461441773698e-02 3.599133730233164408e-02 1.559532888279450691e-01 5.183973512439907921e-02 6.913548299166461832e-03 8.068603006142971911e-04 2.838972668458770304e-02 5.301564326422831402e-02
2.517671769532746004e-02 3.021196300381622651e-02 2.603462883282372034e-02 2.150130802478469536e-02 2.824371175600655023e-02 2.661552067984182535e-02 3.038445186788826108e-02 3.119090489782280068e-02 2.216199723147739206e-02 2.711109169666531607e-02 3.013716852127790169e-02 2.762263670881382610e-02 3.033277807960085837e-02 2.923765627429245062e-02 3.391232807500629137e-02 4.216296298269164855e-02 2.206005835738011067e-01 3.433483569201702112e-02 4.289561479149096856e-02 3.923064512669635628e-02 3.838069693197641852e-02 1.856885820322590197e-02 2.960014676543736359e-02 4.444489598545090653e-02 3.036601048919802120e-02 3.953988611256869373e-02
1.422762890346378206e-02 3.744683720218846407e-02 1.638165961220458197e-02 1.224566109058568969e-02 3.315131843355109686e-01 3.269372822575915272e-02 4.073119343708465900e-02 6.305103991080064640e-03 3.564656955491651846e-02 9.440667639203269984e-03 2.790544497973974220e-02 1.446424912294981373e-02 8.724321672153878549e-02 2.172599893180291938e-02 1.318908440977260843e-02 5.331711918549151934e-03 3.197499198981894331e-02 2.624359291271331426e-02 6.048434066765283335e-02 4.356078042614549423e-02 2.975251939881878166e-02 5.730746873118368334e-02 1.171758513533996404e-02 1.551931174713991638e-03 8.198840509169897858e-03 2.271600897809286992e-02
2.181615963041732761e-02 2.642470938077323347e-02 2.258337563835847647e-02 2.736346640998333149e-02 1.151394125835535076e-02 2.181148807922352051e-02 3.887400863899355408e-02 5.045370032149162215e-03 3.209141354268397334e-02 1.369566238668266413e-02 1.493314357848961847e-02 2.077604889526308424e-02 2.599862818134817885e-02 2.338872865562889591e-02 2.750060857935997943e-02 4.146386987411038727e-01 3.885561169898495149e-02 1.484169860016166381e-02 2.106381024515928749e-02 1.401234430109608506e-02 4.954186087687564854e-02 3.184353177933993417e-02 1.175844380243440054e-02 2.778472269300550322e-03 3.812671351682585252e-02 2.872206128100742578e-02
2.181615963041732761e-02 2.642470938077323347e-02 2.258337563835847647e-02 2.736346640998333149e-02 1.151394125835535076e-02 2.181148807922352051e-02 3.887400863899355408e-02 5.045370032149162215e-03 3.209141354268397334e-02 1.369566238668266413e-02 1.493314357848961847e-02 2.077604889526308424e-02 2.599862818134817885e-02 2.338872865562889591e-02 2.750060857935997943e-02 4.146386987411038727e-01 3.885561169898495149e-02 1.484169860016166381e-02 2.106381024515928749e-02 1.401234430109608506e-02 4.954186087687564854e-02 3.184353177933993417e-02 1.175844380243440054e-02 2.778472269300550322e-03 3.812671351682585252e-02 2.872206128100742578e-02
1.676988793415078172e-02 5.879951216578409995e-02 2.580044090898649806e-02 2.235885713648736589e-02 9.295705057205966987e-03 5.488427723483701309e-02 1.181039875504133752e-01 3.417750592309590479e-03 1.081171267057833701e-01 1.204369435322774975e-02 1.891315711768869548e-02 3.070863612758926997e-02 6.523428432963400414e-02 2.090371132415519070e-02 2.993146939426550787e-02 2.912086244069326049e-02 3.477327417091193723e-02 2.799367906339086248e-02 3.244712314016570676e-02 3.321404751484701573e-02 7.364084301418312439e-02 9.198826587604007343e-02 9.441636769213305677e-03 5.892235536025382074e-04 3.342414875533254726e-02 3.808439776910116370e-02
1.376769505893741391e-02 3.323831878900924963e-02 7.960074024881037477e-03 1.302715519360632054e-02 3.964655875228569396e-03 5.505669223904859771e-02 8.157002146216582594e-02 4.860572217187219234e-03 8.737398430480793066e-02 1.154808945630127724e-02 1.253433528133903602e-02 2.164104119035139759e-02 4.312520512450031263e-02 9.767180680822138555e-03 2.205936234210365693e-02 4.936328852283523860e-02 2.374689210106093254e-02 1.293603922640926447e-02 4.052725291253603951e-02 4.959946487992353270e-02 1.618766567840495274e-01 1.377628897553241916e-01 8.791533339416335996e-03 4.966483636763674827e-04 5.501895175497019397e-02 3.838599911950835164e-02
1.185612447242138760e-02 1.705646752110153569e-02 3.775545448156369249e-02 9.829162032869454349e-03 2.678129373879168870e-02 1.657270614803991668e-02 6.785462610246006943e-02 5.485067837092437622e-03 1.876719848255680931e-02 1.253252357548500021e-02 1.860044124103312282e-02 1.266648038099000943e-02 5.202278659137404837e-02 1.629466800331597770e-02 3.884825743391912001e-02 3.948391304409045593e-02 3.809978944167774495e-02 3.253137054574889442e-02 1.412219661613597910e-01 1.908288462319210343e-01 2.692731594135815837e-02 5.899638880961732140e-02 1.804213250565140508e-02 3.958438128867647343e-03 5.924563357031119304e-02 2.774094757638211062e-02
1.056206753539245917e-02 4.340663477721781044e-02 1.750402020021408350e-02 1.228119593842090171e-02 4.432823237003829381e-02 4.165557370165186291e-02 7.288736478650345574e-02 3.387801772709142078e-03 3.886357359409115669e-02 5.397918549542038424e-03 5.752513902858413797e-02 2.153115717955280881e-02 1.340749720156708125e-01 2.349644169418073358e-02 1.484687180699096817e-02 7.517116703030781930e-03 2.118711128646071432e-02 1.123401751837987093e-02 5.417984797230009780e-02 2.935886349135722467e-02 1.719597411968527834e-01 1.176961303318427854e-01 8.872500221649429891e-03 4.147150173076358096e-04 1.168475521222008331e-02 2.414623609783798919e-02
