2.386628534353795600e-02 4.138610506062456035e-02 2.991957452946620438e-02 2.735716576139412409e-02 2.770459855074172001e-02 3.717379719731421506e-02 6.284103610895259984e-02 1.634125541002818052e-02 7.508255419332182656e-02 2.031289278391096992e-02 3.224393297384015034e-02 2.939313441752761449e-02 4.934895768960754353e-02 2.686783082288869348e-02 4.341298151071319028e-02 4.715312747515448127e-02 3.199831246639592286e-02 4.451394172180806602e-02 3.462777554095650828e-02 4.290553378859651712e-02 8.864142750656764380e-02 4.975279123347080279e-02 1.976371257281938493e-02 1.640320111505953748e-02 4.513143656730250058e-02 3.585663765799923519e-02
2.244110573994126043e-02 3.844244356387047784e-02 3.495906760678348796e-02 2.460562059823802328e-02 2.529957302747498984e-02 3.600815355030148601e-02 7.816433168404622600e-02 1.480661346176706701e-02 4.277003957584233490e-02 1.917147780250547454e-02 2.873783178398519461e-02 2.586667314714350546e-02 8.025898977689610581e-02 3.052680418459296358e-02 3.195388317524974764e-02 5.950601927620787629e-02 2.793022666267317572e-02 4.373020978966496441e-02 4.302577375385001346e-02 4.572257425541609299e-02 7.407383317273023848e-02 6.180345431026455089e-02 1.859023641214209085e-02 1.364206086869073492e-02 3.643186435551617336e-02 4.153113846420589811e-02
2.090274804769321967e-02 2.808472421422190252e-02 2.412693009418073742e-02 2.204352026808154355e-02 1.809364629226722573e-02 2.935979818427905674e-02 3.908687386904392824e-02 1.082972336379816117e-02 2.896096399246250730e-02 1.240080254006994259e-02 1.823286434556651431e-02 2.551860180687112040e-02 3.377263039398785416e-02 2.108822164779781613e-02 1.692502892414683713e-02 4.003715689574491310e-01 1.886770288886544661e-02 3.471538807185307884e-02 2.594733065531055691e-02 2.653686786002229514e-02 3.319788706687171187e-02 4.130436474582654949e-02 1.339836570915373462e-02 1.151485041208869485e-02 2.055658341543011372e-02 2.416201223266047082e-02
2.091591902847715970e-02 5.922017038576280618e-02 2.833434644393651933e-02 2.986316069028708761e-02 2.991925176332026551e-02 4.221338689078431988e-02 6.578264613112386194e-02 1.573407612115886381e-02 5.741929063587287996e-02 1.796985049056477879e-02 2.780773792698627150e-02 3.353168538401698345e-02 6.012325505974665252e-02 2.594355923422177537e-02 3.232834822564854133e-02 3.233870004648942836e-02 3.378907590064732236e-02 5.391914539317729793e-02 3.604851215982834978e-02 4.087256090485118926e-02 8.270895377630245460e-02 6.601226085886564843e-02 1.878248012964951405e-02 1.541166117999954836e-02 3.006335726534278482e-02 4.294660797293756854e-02
2.607385166161238846e-02 3.467648777269961846e-02 2.830703559486167850e-02 5.607424092508002389e-02 2.044568477367497347e-02 2.808919440009672794e-02 8.522360871564639562e-02 1.062077803374020420e-02 6.009849772396305689e-02 2.154028175955382748e-02 3.019300251972184199e-02 2.493671544747374721e-02 5.042702309081032591e-02 2.217258292056197358e-02 2.641372629026421046e-02 6.263522095343991569e-02 2.184269195332477070e-02 1.995546567810728769e-02 2.244338966490769249e-02 2.367895472446153449e-02 9.344465186511115296e-02 3.301344186326211905e-02 1.425270489522976504e-02 1.049077370745411103e-02 1.261866279573357619e-01 4.676336510760475962e-02
2.055294099644036643e-02 4.393076839629108526e-02 2.941826115721716747e-02 2.783931630214637673e-02 2.988795359067370622e-02 3.460061043397296560e-02 6.671543679216125622e-02 1.490951846610019844e-02 4.999285310059678467e-02 1.709463545659343012e-02 3.595830509487910748e-02 2.573847296200058171e-02 5.001064185099626108e-02 2.361901073053536068e-02 2.816777876874091910e-02 3.408450232981031364e-02 2.557623135557661118e-02 5.415749612529493356e-02 4.046519492669882478e-02 4.486947082476010901e-02 1.180859107284381732e-01 6.349954264056877073e-02 1.814006850187251108e-02 1.438982299950364828e-02 3.911224068450506325e-02 4.918301478362541168e-02
2.048581020759800836e-02 5.419237738980763053e-02 2.757951956367100943e-02 3.958374875089836625e-02 2.325539875228360698e-02 3.429990090548764442e-02 6.764366180858671918e-02 1.344765319954953006e-02 6.695756087647045107e-02 1.881628094765217668e-02 2.729061105003881965e-02 2.462857655885243927e-02 4.667091309570400165e-02 2.408689815723805833e-02 2.416770579806266916e-02 2.747487315156270024e-02 3.518187722815094287e-02 6.600561290156424510e-02 2.268747401812386266e-02 2.599357310467659277e-02 9.645066526660615869e-02 5.283360901325864778e-02 1.638826889276542159e-02 1.483191004763582260e-02 3.157781310884850978e-02 9.746770620490588510e-02
2.174944759358979698e-02 3.762372852615914615e-02 2.579778891123312226e-02 2.940703465984425419e-02 2.862898258969159490e-02 3.268886094605703146e-02 1.091178251160390272e-01 1.550311379639620658e-02 5.251343766302006555e-02 1.833566367593601060e-02 3.561331042313669454e-02 3.062374708082139796e-02 5.453766273060643016e-02 2.144332300662174506e-02 3.158402268340537028e-02 3.822976853417926757e-02 2.697976322163405521e-02 3.843633628327030455e-02 3.201267341808559236e-02 3.484285023071217319e-02 8.999382080073915768e-02 5.025869341977222404e-02 1.879535164571711700e-02 1.557479567344012550e-02 5.039705780394603679e-02 5.931093956594599842e-02
2.074275972429814180e-02 3.896584989250706510e-02 3.352217033556911113e-02 2.234889713421485055e-02 3.246231136247589716e-02 3.180996227791661746e-02 5.755549932694717374e-02 1.396408607361243094e-02 5.650055240309326959e-02 1.722187152389963519e-02 2.804305700862625914e-02 2.691439389269232804e-02 4.268406308183621267e-02 2.340765641342221898e-02 3.182237461418001290e-02 6.370388562039779046e-02 2.963858777392014421e-02 6.705770663681534516e-02 5.216733171608790853e-02 4.881896164723225490e-02 4.637320943581544480e-02 9.999891204668603928e-02 1.887854666411491189e-02 1.433460195092126598e-02 4.191447764415268812e-02 3.914827379856505168e-02
2.037274098614742790e-02 3.383884362727684197e-02 3.754801184135230646e-02 2.260593620070937282e-02 2.395946465811672754e-02 3.233493016582205531e-02 1.150307440129779007e-01 1.554545846239242628e-02 5.430799184543989855e-02 2.179000831861324650e-02 2.287379409656748949e-02 2.322224944728574353e-02 3.774007849292166511e-02 2.433710559367723361e-02 2.645283387085464039e-02 3.140814304754115105e-02 4.237645164351389049e-02 9.361407004649170693e-02 4.114752859887885195e-02 2.920078393388620547e-02 7.157460118825584305e-02 5.843713896903510868e-02 1.913218699364684430e-02 1.628952556660291304e-02 3.475491357057606395e-02 5.010446482141667213e-02
2.631161171209113817e-02 4.223891626002450328e-02 4.465372910745077362e-02 2.315195868893066278e-02 2.862747941034222282e-02 3.729419049554556082e-02 7.302211686647810951e-02 1.608816713680443281e-02 5.801443640245024236e-02 2.146540732654234757e-02 4.266033569485170457e-02 2.753788696172482925e-02 5.421017261047681585e-02 2.705378187465756756e-02 4.560493617080787349e-02 5.345799104753411191e-02 2.887428453615645610e-02 3.748397318220984126e-02 3.730011235902490341e-02 5.010323220476645134e-02 6.208354092773962080e-02 4.356703299311325689e-02 1.979293213569794860e-02 1.750975712233700590e-02 4.412956551141191536e-02 3.776245126082967279e-02
2.198516616734599166e-02 5.456869842966402540e-02 2.753565643837050519e-02 4.425319335262462711e-02 2.848007228722646000e-02 3.711588106781259916e-02 8.571584269188578520e-02 1.353150147057064802e-02 5.237085338912832871e-02 1.743575899170100516e-02 4.683418496055125058e-02 2.813835080757920784e-02 5.430453108455103595e-02 2.356722188664139850e-02 2.466144965371125375e-02 3.200952489021378217e-02 2.611907839463626160e-02 4.572587422302305110e-02 2.964506463855950957e-02 4.193337668379003291e-02 1.069660735343845870e-01 5.165947923502103856e-02 1.700461866154981058e-02 1.419222022577065236e-02 2.963920611352812221e-02 4.460712072015909913e-02
2.102765149228424252e-02 3.033096622864574904e-02 2.338558656455310900e-02 2.403777578570545290e-02 1.882637201214633002e-02 3.078761174240285392e-02 4.450699713827661191e-02 1.241721699783594930e-02 2.983654698681120418e-02 1.336697212628409903e-02 2.046291138635187787e-02 2.537064482840674720e-02 3.565532570850618588e-02 2.398895561304648441e-02 1.865024532165705795e-02 3.564158607649281496e-01 2.307797474626030812e-02 3.388856096249583810e-02 2.637921155915030902e-02 2.728084215043346389e-02 4.360365584549013435e-02 4.187135851063135406e-02 1.469696963918582823e-02 1.253772403187759787e-02 2.105798253367854173e-02 2.653807932295461358e-02
2.205243621540074403e-02 6.170171669189798008e-02 2.935524564380215598e-02 4.051001036571332675e-02 2.738771203787269959e-02 4.021250991443708900e-02 7.413709196586905359e-02 1.390436230349634088e-02 7.375198853501223339e-02 1.851577740457416299e-02 2.774340373331846479e-02 3.199362268749614269e-02 4.958458163055112777e-02 2.543544898525017944e-02 2.796570368370975002e-02 4.196580904896407560e-02 3.109266255883268854e-02 5.963895121887013290e-02 3.211566240048187304e-02 3.365199676125229383e-02 7.078044295882555959e-02 5.586741258208760552e-02 1.748499441215571257e-02 1.427485765292941210e-02 3.690440314268386701e-02 4.197119546451542893e-02
1.559823563306080366e-02 2.660486007653060231e-02 2.230431494776021623e-02 1.785550863105041935e-02 1.903085528051701864e-02 2.230197946450592286e-02 3.506319230334555004e-02 1.229810242349575061e-02 3.641133012576195510e-02 1.405932783929867563e-02 1.681931112727927391e-02 1.803982481017539496e-02 2.798416897552421720e-02 1.676751928794208493e-02 2.431102790518228224e-02 2.787109141914346361e-02 2.226148934949135835e-02 4.329113191734675903e-01 2.256520856315604243e-02 2.477857626163843668e-02 2.462682080219079014e-02 3.444784376996897629e-02 1.361574309693370198e-02 1.334203025902639360e-02 2.411101635999168477e-02 3.401930211356148787e-02
2.307431073624491985e-02 4.195221125327543155e-02 2.394814771650798785e-02 3.946667469238740455e-02 2.263654298553797670e-02 3.230983807837098376e-02 8.025416690703963962e-02 1.488233936302739945e-02 5.350610818213671210e-02 1.785131440629641672e-02 2.951893353960006669e-02 3.504343671686808992e-02 3.963342110527606071e-02 2.556953234864835223e-02 2.888186485960532110e-02 6.195744294641562094e-02 3.292196543493398908e-02 3.610356241758239104e-02 2.997318455978624160e-02 2.926978576443117069e-02 1.070789365377946833e-01 6.751461561678767653e-02 1.742864889921656030e-02 1.416394594197172008e-02 3.592436010896140480e-02 5.913470888129550990e-02
1.648473631772183826e-02 1.986921395823849218e-02 2.595421692794447344e-02 1.589237018141729380e-02 5.830780374670311433e-02 3.439363313405186667e-02 4.237429831268325203e-02 1.639248717671372077e-02 2.849559331145921220e-02 1.451464143608013554e-02 2.308094721972526325e-02 2.556434089806025600e-02 3.323953865188014611e-02 2.605010846579197334e-02 1.994100563436100315e-01 2.418140816605476168e-02 1.764555986534255966e-02 4.614815547013315783e-02 6.656864944838410125e-02 9.084461542625747732e-02 3.472260001458780942e-02 3.613657030872062526e-02 2.064287539131827096e-02 4.388563777304890084e-02 1.819895164038754648e-02 2.100099041368368516e-02
1.916215328673670157e-02 3.635439779218935935e-02 3.355239117704299917e-02 2.091026089471171093e-02 3.145003784481336523e-02 3.693749429698308523e-02 5.095554977862616630e-02 1.363893211487449651e-02 7.254322585000508306e-02 1.591079195024540371e-02 2.896991727554990709e-02 2.772185967437128251e-02 5.265199759888767456e-02 2.211306166159632963e-02 2.608992889040930019e-02 5.095293670272113551e-02 2.362260417225047274e-02 8.059633502168092600e-02 6.442399097935835872e-02 4.348338842741510807e-02 4.995674442344150146e-02 9.062238034141002763e-02 1.826113731106303664e-02 1.351202056949994158e-02 3.574238211884038507e-02 3.986407984527635256e-02
3.076570446751488927e-02 7.655039989948318746e-02 2.652436001418782135e-02 4.808813462472772554e-02 2.952776621895083359e-02 4.263364486608575005e-02 8.562523199456378853e-02 1.387178417405559964e-02 4.048048543636504487e-02 1.880815355942399084e-02 2.411722163931472040e-02 3.947875210981131172e-02 5.177257684641659030e-02 2.472335052418635909e-02 2.444355431803382772e-02 1.116263785819009702e-01 2.767065061711602991e-02 3.236752788245014778e-02 2.776770873067952589e-02 3.141377535755375539e-02 6.436319676589195848e-02 3.140074512232321480e-02 1.680243914516959397e-02 1.495749403603452779e-02 2.874727047299937416e-02 3.547169259475960873e-02
2.049575480849313153e-02 3.572884066607157766e-02 3.096941034101338003e-02 2.421828135758247874e-02 2.518722704202747131e-02 3.332504122028383947e-02 5.784302980757722451e-02 1.602929042215823011e-02 5.050739187755389631e-02 1.711575906611707484e-02 2.669924801714438148e-02 2.641463837474504125e-02 6.698575816152972651e-02 2.738865981571035613e-02 3.095236651853724985e-02 6.344625262506814467e-02 2.838643381477490291e-02 6.252360533968968903e-02 4.766101260099381287e-02 6.282288455574233654e-02 5.225391097343105862e-02 8.055795358030763686e-02 1.962679108294419425e-02 1.480940976606439675e-02 3.306267140502872764e-02 4.498837675941002451e-02
1.758707850880127793e-02 3.371524186518892047e-02 3.350210720325817043e-02 1.760319380608503514e-02 2.494994103039392674e-02 2.944368824132441789e-02 4.306478683235542143e-02 1.168900969706792442e-02 3.781195847112808761e-02 1.368349428947748456e-02 2.655703433953551448e-02 1.899922148614618597e-02 4.718844197697192461e-02 2.168801173482727204e-02 2.286026929901737587e-02 3.100248908229412056e-02 2.092295502235594004e-02 2.146613912033766558e-01 5.482159103525109656e-02 4.830318081708348532e-02 4.322764929343336088e-02 8.274569920294977399e-02 1.701471655678216816e-02 1.157363882318467388e-02 2.705396859354496433e-02 4.832924158816483823e-02
1.054278837646959247e-02 1.730494267352173515e-02 1.644520377382479789e-02 1.071590513680112204e-02 2.435107538732352375e-02 1.698173852483017901e-02 1.894152685627054772e-02 9.203060170307237817e-03 1.628552356499530715e-02 9.592762093283618147e-03 1.280558165548420328e-02 1.495969594078678556e-02 1.697825047615493521e-02 1.455783948712918718e-02 5.736925261686979249e-01 1.306813375772644670e-02 1.297055881048524151e-02 2.054066592709762745e-02 3.670248551142225868e-02 4.031892198750228196e-02 1.645604732922038502e-02 1.610835619883878647e-02 1.203865844132680045e-02 1.660651073000046080e-02 1.365113670613529728e-02 1.818010431436364871e-02
1.952119647454662876e-02 3.939896784761376392e-02 2.819539812479997243e-02 2.715932943476273911e-02 2.692966634664461026e-02 3.733999817321198567e-02 5.299169973282801677e-02 1.544753133199574385e-02 6.721722410625378952e-02 1.851505899073265307e-02 2.804505815080536590e-02 3.073649342864096315e-02 4.412457550757324654e-02 2.420525589170982941e-02 2.645978857991107894e-02 4.291213471674682617e-02 3.110175832814868549e-02 1.143045308338175026e-01 2.845120567889624849e-02 2.739267281699789627e-02 9.150945396147210087e-02 6.460120840114373653e-02 1.724417348514839521e-02 1.520650006701653074e-02 4.278590567867562172e-02 3.820321390990620569e-02
1.933220358153950671e-02 4.003099856548358870e-02 3.602299948568419424e-02 2.390595279511505827e-02 2.731136530168489299e-02 3.837299257893415222e-02 5.400085544316671898e-02 1.366741236690142622e-02 9.937923871482337579e-02 1.808081319615429880e-02 3.301698158146939427e-02 2.291560235076922983e-02 4.647396536192745925e-02 2.323950182798449615e-02 2.562665121089123879e-02 3.148589629672871731e-02 3.250182295258500359e-02 6.123342244208097862e-02 3.029650374558238643e-02 3.086297051544320894e-02 1.028307202630919376e-01 6.400966742392763531e-02 1.690158045376721416e-02 1.425847327963170388e-02 3.970208460369933218e-02 5.453932366093294792e-02
2.523687570834199159e-02 1.739904637744704163e-01 2.462065778982132358e-02 6.422912194261624907e-02 2.832825790828105011e-02 3.109726563780470035e-02 8.851186267049288015e-02 1.391932151369955697e-02 3.805752610796352825e-02 1.868989099850874164e-02 2.547215894642126596e-02 3.124071254770707795e-02 3.839787657267643151e-02 2.219855587198390351e-02 2.643627640179768701e-02 3.741215909001031209e-02 3.003061777121640921e-02 4.034190261760211421e-02 2.576193641000276702e-02 3.051326937100698120e-02 5.968606144296566274e-02 2.414532200797902400e-02 1.544414636268458263e-02 1.579023566309411056e-02 3.248409801819146514e-02 3.796342685265985395e-02
9.554809358244998815e-03 1.131216846930375303e-02 1.329197810771994351e-02 8.946995022804028752e-03 6.383138689393058618e-01 1.395515745300755436e-02 1.324411264644454259e-02 8.301270692397874629e-03 1.180075419114780255e-02 8.383275630374411452e-03 1.021724129084840456e-02 1.430957412311955994e-02 1.370651200002293880e-02 1.155695233694455093e-02 5.029182672359915757e-02 1.095467871476100280e-02 1.043767633632943989e-02 1.317865429481270348e-02 2.451514253704121377e-02 2.969263178321813329e-02 1.138570376475519022e-02 1.201516777122830192e-02 1.039994493302064116e-02 1.969735392706713564e-02 9.383547929705027268e-03 1.115300102277576311e-02
2.252195271231033358e-02 3.914282197166790017e-02 3.275223311218251193e-02 2.646615250059257754e-02 2.579432939106253431e-02 3.648708749781461036e-02 8.009966482335563465e-02 1.542727784404617289e-02 6.382845860678276750e-02 1.991134036732445170e-02 3.058530034178629300e-02 2.798159173496594584e-02 4.645979542228288739e-02 2.536929228997416436e-02 3.390503886741447204e-02 5.213543081118785644e-02 2.992521818424359603e-02 4.087356708801934135e-02 3.862682024514446644e-02 3.982543739396779414e-02 7.553866228809288930e-02 6.205473410481950752e-02 1.861229942830206624e-02 1.548045999399068340e-02 5.713182687222323475e-02 4.306320610644535224e-02
2.093781695191788278e-02 4.202240600855638997e-02 3.571664746255351353e-02 2.064165514918691463e-02 2.888791761332126437e-02 6.300661013789495002e-02 6.562951925760841798e-02 1.497346488259958773e-02 5.854350952689912208e-02 1.763131539636204892e-02 2.818335674717124817e-02 2.635316990505120679e-02 6.997406349643484069e-02 2.731465308498073896e-02 2.827251367747791663e-02 3.792736091093495965e-02 3.055325081706181112e-02 4.584891347167947828e-02 3.594005800487574259e-02 3.849921101636730875e-02 8.810611733868096984e-02 6.707815509856207559e-02 1.918002538384148276e-02 1.660765376754173156e-02 3.388357334957996236e-02 3.828706154285832497e-02
2.198874561629521676e-02 6.966703534136106657e-02 2.957920155139482157e-02 2.841596572450546740e-02 3.713977333872043457e-02 3.744908267840989929e-02 6.688146552773020781e-02 1.718187098144879910e-02 6.693509057977679866e-02 1.918735293092276722e-02 2.939537208204539773e-02 3.127882149607173062e-02 4.897302343352734344e-02 2.954064481749864648e-02 3.720767603474594426e-02 3.764589456093826725e-02 3.122512955540499013e-02 5.654740187214588043e-02 3.120316814348702769e-02 3.550267446653419118e-02 7.041677929335442288e-02 3.897586264986955401e-02 1.915503075744735134e-02 2.593116424239992612e-02 3.246475653819204388e-02 5.011101578577174809e-02
2.421148721126507170e-02 3.425940383006225581e-02 2.931336637206301970e-02 2.716557947651866700e-02 2.492054760257182006e-02 2.602919039707487364e-02 4.695414315893505636e-02 1.246988538042937376e-02 5.536256975111321366e-02 2.048274573211359209e-02 2.340673672797790109e-02 2.178554470350891129e-02 3.836551784677268845e-02 1.825580647328144124e-02 2.739959056577902577e-02 1.431578605191503872e-01 2.542746308983082765e-02 3.752645573230398851e-02 2.896446954248891453e-02 2.767442231445680495e-02 5.044912736018347665e-02 3.685649033474679842e-02 1.597820443389861428e-02 1.374431290817777589e-02 1.621701172749879516e-01 2.766896126030745848e-02
1.939690063881979731e-02 3.392906723095429067e-02 2.902199782699065381e-02 2.835720173848053915e-02 2.190852374030747424e-02 3.291783550401186642e-02 5.954682196566972452e-02 1.468447986713864936e-02 7.192621797189872879e-02 1.831335554533630380e-02 2.926610613183521295e-02 2.675206935809983436e-02 4.693982164802190660e-02 2.501296259264996352e-02 2.736905825112629850e-02 5.821524122620770625e-02 3.392062912735813174e-02 5.176680530246737660e-02 3.070731740313545344e-02 2.988774893616627168e-02 8.224366199705403224e-02 1.197087631069037594e-01 1.729008266034326446e-02 1.395100059272352810e-02 3.893608950524289625e-02 3.803024013105624906e-02
1.585903226789676934e-02 2.685340420175402407e-02 2.291968203263611281e-02 1.738327672960337036e-02 2.028466928411321035e-02 2.330063016274913287e-02 3.414451090438371667e-02 1.253826155233949552e-02 3.377085923151749297e-02 1.380423237654816553e-02 1.777868899233216518e-02 1.813639650851424021e-02 2.957446596880075954e-02 1.734367968920768124e-02 2.357345027653764621e-02 2.788056153263448328e-02 2.148325621693004256e-02 4.261831032189262181e-01 2.435296857181352276e-02 2.703839637783895383e-02 2.622954981911462466e-02 3.586046030560790382e-02 1.404183677092501331e-02 1.342681263070804459e-02 2.279724083674804225e-02 3.344057353981926689e-02
1.839237226347996759e-02 3.214436380794356840e-02 3.514706062449837048e-02 2.262238407425710973e-02 2.505438914794193977e-02 3.209741698818144306e-02 7.473130540540903755e-02 1.385899066962789639e-02 5.245970431512456816e-02 1.727474130431958313e-02 3.410363091104668537e-02 2.145377329748372058e-02 5.099787330892925630e-02 2.450505077512131133e-02 2.342687133287837606e-02 3.444005889616993943e-02 2.427748931661285678e-02 7.515687642505913812e-02 4.514013793230697152e-02 3.809135567941025063e-02 9.548368349211283634e-02 9.435489201085024702e-02 1.751381022611690763e-02 1.215773971161176331e-02 4.208110728195151029e-02 4.303292080155481786e-02
1.402885199850410249e-02 2.072676427274556393e-02 1.532877665551912912e-02 1.496547918593322743e-02 2.088070042424994971e-02 1.718035606488027903e-02 2.275347721097000300e-02 1.197446988960049370e-02 1.936883433210466812e-02 1.268808852068866594e-02 1.483460431018178947e-02 1.592105761459929048e-02 2.008117422667473825e-02 1.417175991284411705e-02 2.336845070522168208e-02 2.062481388995952500e-02 5.559339215613207097e-01 2.467646127389013996e-02 1.739094877315088342e-02 1.967425191367833809e-02 2.108915682842076034e-02 1.782795710410256876e-02 1.270065625330123182e-02 1.365462774223781366e-02 1.705206278080226637e-02 2.110229655441816718e-02
2.472084357790283599e-02 4.965624996373552147e-02 2.699386252458674598e-02 4.669916669672918852e-02 2.298858671873308876e-02 3.255476145227872292e-02 6.803205369127969526e-02 1.334353993552431748e-02 5.297071980845704381e-02 1.925836032239358619e-02 2.246949703458873959e-02 2.909776977086951655e-02 4.346500349432408372e-02 2.985595366181777524e-02 2.741901686989022674e-02 1.538157813964114440e-01 3.164404527189780547e-02 4.887982051856652743e-02 3.112740453456910167e-02 3.051841365311724896e-02 5.093534495094666908e-02 3.690558847121481328e-02 1.607785495835429429e-02 1.406541474911625865e-02 4.153759166264238412e-02 3.496735431005240646e-02
1.103982441133539473e-02 1.524571162660945216e-02 1.226919521136296543e-02 1.189319841667634339e-02 1.326050069542644878e-02 1.568699525129587866e-02 1.629130845054918911e-02 9.582320694364302241e-03 1.488711999407663425e-02 1.011239541113512566e-02 1.116514038780974487e-02 1.347070824904841174e-02 1.458668317015859167e-02 1.179968442176057911e-02 1.116289290343011609e-02 1.550055455965319330e-02 1.388491344532527885e-02 1.790085463392527762e-02 1.369079539841701852e-02 1.518334329061424119e-02 1.526753162390885425e-02 1.175322148217503200e-02 1.050972950538825966e-02 6.651181999638355880e-01 1.308740716171176779e-02 1.564976964000633006e-02
1.944165306333158275e-02 3.486670049059700793e-02 2.851649601176113602e-02 2.044584241502564459e-02 2.524835176196267919e-02 2.766758010952547267e-02 5.234195607527813293e-02 1.437293352462308028e-02 3.769770559854600939e-02 1.549933431394420746e-02 2.828076155129525052e-02 2.252631424132199231e-02 4.996079845022650956e-02 2.255091236940984234e-02 2.511391398501541805e-02 3.465817440057478160e-02 2.312889894709984490e-02 7.234599877551568803e-02 5.068749536893900343e-02 5.255858101333525656e-02 4.647245191273231130e-02 7.196568109606188424e-02 1.811822851967962583e-02 1.428924752382409666e-02 3.701253036033152338e-02 1.542314581200419921e-01
1.626477571151651105e-02 2.579729581358215090e-02 2.878950904835838806e-02 1.954221960748644613e-02 2.524407040123822707e-02 3.952845894185135628e-02 4.986247306442197214e-02 1.414019252297448424e-02 3.968099548323464343e-02 1.276286039942546059e-02 4.291877238619860174e-02 2.327690748762652542e-02 5.462711290911244355e-02 2.677648211390850838e-02 1.923510518464998861e-02 3.748036536629955479e-02 1.862564652649213032e-02 4.641554841611128523e-02 4.350617985947376892e-02 3.644366483887813424e-02 1.776118834464033291e-01 1.191004239274004589e-01 1.854768887230453037e-02 1.088836450323311250e-02 2.019494142294667866e-02 3.273806174487130238e-02
2.274144848608939881e-02 3.041737596532340104e-02 3.984839997765549091e-02 1.749039635781847457e-02 5.528499423875166130e-02 3.218377299367881916e-02 4.204116497914461154e-02 1.530415789899899036e-02 2.901699254966708108e-02 1.708358250544150456e-02 2.601699200310517157e-02 2.380776194760015479e-02 4.996394322451625652e-02 2.427372719330210191e-02 6.815373559632159628e-02 5.907545466931087702e-02 1.924505297089260103e-02 4.172099959212623860e-02 8.987734896490880143e-02 1.107655911725417136e-01 3.246665303285961590e-02 5.024626617170167148e-02 1.968837019127291088e-02 2.626204945690249412e-02 3.010802980169838966e-02 2.691573805836987299e-02
2.232497543243659385e-02 4.595644149774066184e-02 3.513339526406926427e-02 2.586421862689291043e-02 2.835126501076242270e-02 3.243034112017910420e-02 9.944790275222513409e-02 1.473264545434852142e-02 5.068388569291205209e-02 2.208991022117203981e-02 2.736717445637561544e-02 2.603027544530489568e-02 7.038029802085679631e-02 2.176230735032365360e-02 2.865634692783852050e-02 4.309491565306537708e-02 2.759945597168605297e-02 3.295278500341330963e-02 4.640028587672075100e-02 4.507657635522938078e-02 8.048793933487574659e-02 4.064283071907102279e-02 1.707778760369110457e-02 1.498728497558532262e-02 6.646240543498345421e-02 3.400634979824053439e-02
1.585903226789676934e-02 2.685340420175402407e-02 2.291968203263611281e-02 1.738327672960337036e-02 2.028466928411321035e-02 2.330063016274913287e-02 3.414451090438371667e-02 1.253826155233949552e-02 3.377085923151749297e-02 1.380423237654816553e-02 1.777868899233216518e-02 1.813639650851424021e-02 2.957446596880075954e-02 1.734367968920768124e-02 2.357345027653764621e-02 2.788056153263448328e-02 2.148325621693004256e-02 4.261831032189262181e-01 2.435296857181352276e-02 2.703839637783895383e-02 2.622954981911462466e-02 3.586046030560790382e-02 1.404183677092501331e-02 1.342681263070804459e-02 2.279724083674804225e-02 3.344057353981926689e-02
2.462534065340197392e-02 3.811459168159650468e-02 3.924534885321471350e-02 2.447380571715248448e-02 3.096328037330645794e-02 4.702193165045252116e-02 7.891393729667402213e-02 1.559309406063776049e-02 5.616847138243123011e-02 1.988064738973505108e-02 3.074619104922514390e-02 2.827725803142231223e-02 5.532178761720637356e-02 2.514133355787550456e-02 3.358059040278599250e-02 4.043496697736909118e-02 2.876850230307988893e-02 4.698597694810495440e-02 4.363455881382034829e-02 4.304498523296412804e-02 7.273525850896456202e-02 5.345898219529339468e-02 1.924776550289560711e-02 1.707819748579638558e-02 3.881629855575757793e-02 4.772689775883603991e-02
2.501877338751525709e-02 4.099534979862325124e-02 3.012704754403889087e-02 2.994450382526959997e-02 2.612844132401852953e-02 3.247158560428826946e-02 1.244872768302281579e-01 1.463791487221637738e-02 4.207351077858956234e-02 1.925978624598700950e-02 2.816766543622636898e-02 3.282879502200691108e-02 4.092231887972051091e-02 2.229557185928808874e-02 3.190216536894000671e-02 5.957316704419259035e-02 2.980025378421967755e-02 4.119652150662124479e-02 3.837771622219430384e-02 3.743088060826938596e-02 7.231579500774103220e-02 4.813474250168292556e-02 1.826329531313712617e-02 1.593719970701877597e-02 3.851563386902485953e-02 5.919408765894134533e-02
2.031048042720870125e-02 3.572801992955660505e-02 2.849828689533220882e-02 2.402510314860406559e-02 2.028884259687751060e-02 4.188728714132928382e-02 6.357277528338176054e-02 1.536838840777144354e-02 7.372141921967789724e-02 1.795709283313830576e-02 2.467542599726953167e-02 2.640977241162588765e-02 7.437369140723529282e-02 3.495732496378763099e-02 3.922831685368168009e-02 5.896610023629557384e-02 3.746880379454269050e-02 2.842187078678968040e-02 2.970015615448961047e-02 4.703365271723930485e-02 8.910664850088492739e-02 7.416088978596188652e-02 1.887762889921671197e-02 1.366142025111289141e-02 3.043052229314401405e-02 3.117007906384482510e-02
1.903938525266117565e-02 2.856654531157851867e-02 2.416854394077542698e-02 2.527707250930982114e-02 2.358091343061567702e-02 3.112976063497576232e-02 7.469480816241987065e-02 1.409391727304529739e-02 8.002032826251627429e-02 1.530288922218787408e-02 4.365698959926046091e-02 2.656456183990289419e-02 3.891937670662332094e-02 2.096045759991391894e-02 2.032900909629571998e-02 3.930335035898610552e-02 2.120972392806234896e-02 2.491639843838957397e-02 2.638537218708541729e-02 2.198278894419211302e-02 1.571476150382100090e-01 6.180145568662156336e-02 1.605581278046668350e-02 1.184410203702404227e-02 5.311924027025798078e-02 7.992958148862222556e-02
1.758707850880127793e-02 3.371524186518892047e-02 3.350210720325817043e-02 1.760319380608503514e-02 2.494994103039392674e-02 2.944368824132441789e-02 4.306478683235542143e-02 1.168900969706792442e-02 3.781195847112808761e-02 1.368349428947748456e-02 2.655703433953551448e-02 1.899922148614618597e-02 4.718844197697192461e-02 2.168801173482727204e-02 2.286026929901737587e-02 3.100248908229412056e-02 2.092295502235594004e-02 2.146613912033766558e-01 5.482159103525109656e-02 4.830318081708348532e-02 4.322764929343336088e-02 8.274569920294977399e-02 1.701471655678216816e-02 1.157363882318467388e-02 2.705396859354496433e-02 4.832924158816483823e-02
2.172711966422578855e-02 3.411898754972726711e-02 3.147298911447120318e-02 2.954891207839401360e-02 2.500053524601436247e-02 3.613375720598033941e-02 6.085477934794675248e-02 1.258695402230112885e-02 6.374902672894258715e-02 1.528635694518486882e-02 2.880935746335361661e-02 3.448177260944270545e-02 4.072696651691938563e-02 2.374882174851641881e-02 2.355580044444671381e-02 1.297775587639752870e-01 2.261921155824902704e-02 4.894397296487443261e-02 3.804069021073569479e-02 3.316035066638935158e-02 6.913691556833229113e-02 7.214513884275339239e-02 1.749030588198900726e-02 1.260320312931495490e-02 2.965622651413171371e-02 4.462428921338783966e-02
2.424856485254412233e-02 3.231749307806757593e-02 2.122103994968843610e-02 2.610108829983792678e-02 1.720779363175630253e-02 3.975809842247744752e-02 4.054130357738287144e-02 1.146429825566824823e-02 4.212285358283309605e-02 1.282588964056873698e-02 1.619360406198311689e-02 3.328779519152438165e-02 3.264238173621178407e-02 3.184442392781920012e-02 1.703336082237690008e-02 3.753353026093014799e-01 1.826140055115669722e-02 3.527050344190945513e-02 1.846422690626304750e-02 2.217453578937102904e-02 3.727164596292238674e-02 3.013532146866340633e-02 1.266547341006883133e-02 1.215075960753370966e-02 1.739092831509988363e-02 2.206991290696994415e-02
2.102765149228424252e-02 3.033096622864574904e-02 2.338558656455310900e-02 2.403777578570545290e-02 1.882637201214633002e-02 3.078761174240285392e-02 4.450699713827661191e-02 1.241721699783594930e-02 2.983654698681120418e-02 1.336697212628409903e-02 2.046291138635187787e-02 2.537064482840674720e-02 3.565532570850618588e-02 2.398895561304648441e-02 1.865024532165705795e-02 3.564158607649281496e-01 2.307797474626030812e-02 3.388856096249583810e-02 2.637921155915030902e-02 2.728084215043346389e-02 4.360365584549013435e-02 4.187135851063135406e-02 1.469696963918582823e-02 1.253772403187759787e-02 2.105798253367854173e-02 2.653807932295461358e-02
1.880884510273002352e-02 3.812205291799829199e-02 2.885912123917087554e-02 2.766108211142752349e-02 1.993986462980093521e-02 2.708593543740395876e-02 5.609423089101614468e-02 1.441612841280086321e-02 4.602737432593534406e-02 1.832234034406108117e-02 2.284729717433787652e-02 2.442610781067502956e-02 3.475147229786625797e-02 2.292753000277816464e-02 2.126220664015347414e-02 9.179794280059108691e-02 3.199508536111687895e-02 5.004275922228255957e-02 8.837571917399222876e-02 9.066221308991020966e-02 3.870055878300308200e-02 5.848208674118107048e-02 1.666159896692521666e-02 1.422775259615495849e-02 3.786061502425957376e-02 5.964207890242744642e-02
2.151167931347942874e-02 4.050091574208766060e-02 3.490386355982304234e-02 2.503136077462463430e-02 3.027541476939467693e-02 3.698076886799783053e-02 6.315707421089081230e-02 1.440322974224723419e-02 6.481076213125575025e-02 1.952582665008446502e-02 2.708583577018097016e-02 3.103940141278335035e-02 5.667829400418163133e-02 2.393408873432670281e-02 5.096628599482810884e-02 5.571337767895680887e-02 2.794164362670174817e-02 3.843831727708740126e-02 4.660404115255721569e-02 4.600193060149341401e-02 5.968515383437469207e-02 6.858834090381887849e-02 1.851755944864384024e-02 1.806925192842432498e-02 4.724235289484672584e-02 3.239322897490862913e-02
2.105000987119680367e-02 4.768981577532031835e-02 2.738085387452582342e-02 2.353551012927882630e-02 3.074468519327875141e-02 4.125631042915556268e-02 5.750003662330901988e-02 1.671411048604081254e-02 9.555472672543123547e-02 1.726684501296466695e-02 3.349625012141781849e-02 2.907012425937894468e-02 5.003617711789500738e-02 2.484699096354031980e-02 2.877475260617836164e-02 3.611227556677773509e-02 2.893622271662395565e-02 4.996059018469162227e-02 3.633126548560170616e-02 3.853691697856646142e-02 8.892415406426674995e-02 5.130478500480244175e-02 1.899200574668599706e-02 1.672817758241219865e-02 2.989117760786603670e-02 5.936522987279268387e-02
2.122891949077234178e-02 5.478074187080901603e-02 2.899813522518561101e-02 2.836579092447298611e-02 2.453676205136488472e-02 3.791432707665900320e-02 5.933464972547123489e-02 1.595863327757694738e-02 7.527800162277684115e-02 1.835946035356096628e-02 3.062470132485786353e-02 2.900899038137478431e-02 4.695195314854010843e-02 2.697485923643923311e-02 3.395741407015055030e-02 6.725327940177983077e-02 3.898927072195499527e-02 4.635141109085353511e-02 3.520248991190740723e-02 4.690419076711521695e-02 5.557414323518435756e-02 6.324685799610249570e-02 1.890165631626253978e-02 1.651752178656178127e-02 3.339559244424046558e-02 4.539024654802500947e-02
1.375132674511693985e-02 2.012577305722432902e-02 1.497996737550678220e-02 1.466170476663401258e-02 2.139611263871706720e-02 1.673266227766260703e-02 2.203775520712678362e-02 1.176957047882720535e-02 1.878924225497661735e-02 1.247340235434396018e-02 1.452198128190607292e-02 1.561134183767867896e-02 1.953971709094965564e-02 1.389405837868227557e-02 2.313122303408926550e-02 1.999572150925977079e-02 5.660582007039004493e-01 2.372023627884232641e-02 1.690276356040467873e-02 1.904364515247519013e-02 2.050023852024132273e-02 1.739132217555512672e-02 1.248516097375395630e-02 1.337744652096700508e-02 1.663974934823201496e-02 2.046967647692606723e-02
1.755393299377887989e-02 4.451980839556546332e-02 2.572387303068447012e-02 2.025498098970577449e-02 2.283277046350979111e-01 3.080958506295948182e-02 4.699661526827233343e-02 1.513182635836017413e-02 4.810848958654474067e-02 1.713315461380706881e-02 2.005467381411834074e-02 2.519291995022018144e-02 4.333976971839284542e-02 1.930801975530407194e-02 2.235418319361096376e-02 2.369723907693557785e-02 3.147548978835884581e-02 2.724857691303635837e-02 6.876132919657733378e-02 6.130998816223853787e-02 5.052307807919621807e-02 3.436181754019680679e-02 1.691599751040532076e-02 1.469694339259493450e-02 2.186202593858021376e-02 2.433797703545709928e-02
2.213171996939841679e-02 3.348975227125571691e-02 2.365052892717747421e-02 2.670057807855326371e-02 1.895017922665310009e-02 2.874886708389152654e-02 4.504053058286194150e-02 1.196468935262662292e-02 2.914784131722673172e-02 1.378358512916751100e-02 1.879316137139055640e-02 2.495702783375870065e-02 3.410244913004225470e-02 2.386472515376629466e-02 1.889931011673225136e-02 3.640399873246572549e-01 2.500750281165900826e-02 3.321332809517042739e-02 2.552754962973179109e-02 2.647528304040974029e-02 4.062804765092972725e-02 3.453438563117179616e-02 1.421764767914767899e-02 1.277244648184842728e-02 2.123245255638286921e-02 2.812642355438900454e-02
2.213171996939841679e-02 3.348975227125571691e-02 2.365052892717747421e-02 2.670057807855326371e-02 1.895017922665310009e-02 2.874886708389152654e-02 4.504053058286194150e-02 1.196468935262662292e-02 2.914784131722673172e-02 1.378358512916751100e-02 1.879316137139055640e-02 2.495702783375870065e-02 3.410244913004225470e-02 2.386472515376629466e-02 1.889931011673225136e-02 3.640399873246572549e-01 2.500750281165900826e-02 3.321332809517042739e-02 2.552754962973179109e-02 2.647528304040974029e-02 4.062804765092972725e-02 3.453438563117179616e-02 1.421764767914767899e-02 1.277244648184842728e-02 2.123245255638286921e-02 2.812642355438900454e-02
1.869444925267070567e-02 4.260766220770027118e-02 3.294070435912439809e-02 3.183855373405714007e-02 1.848009453539036645e-02 3.815176267541297433e-02 9.010640283154508490e-02 1.317421912626145705e-02 8.728787348581842909e-02 2.016038260281234271e-02 2.070285988857300044e-02 2.454875193799101185e-02 4.316093916458958735e-02 2.509615144425525815e-02 2.975409861194208000e-02 5.533387875543691742e-02 6.130032728665493758e-02 5.387317871805830105e-02 2.827382047268858431e-02 2.616547626240325886e-02 7.899692670910300751e-02 6.155589016642380729e-02 1.717914516711196993e-02 1.325631684064826517e-02 3.558880738252931386e-02 3.177132638079771532e-02
2.137949574867674743e-02 4.003994577655456411e-02 3.041760293000793022e-02 2.582546979717969052e-02 2.553466021366070787e-02 3.618302207315924474e-02 8.765943361606041984e-02 1.572973390798314275e-02 5.399828083962856379e-02 1.953245207190120597e-02 2.870748451749825444e-02 2.945607270245665862e-02 5.965494061604061787e-02 2.489329216941084041e-02 3.481228301818533460e-02 4.064302108551070408e-02 3.102656390220461316e-02 5.787459587403808586e-02 3.875928160581410681e-02 3.529854194587016269e-02 7.687264985670026751e-02 6.543813508984545890e-02 1.900258503363124254e-02 1.513035622919056689e-02 3.901397828486895258e-02 4.711612109392194353e-02
1.406194368037007314e-02 2.805182986827174998e-02 2.750020904989256693e-02 1.340087199999541456e-02 3.006157643885369254e-02 2.227083837040329251e-02 3.279592238855093267e-02 1.315488102613724189e-02 2.707722127932053052e-02 1.344507866341405553e-02 2.137517127288357521e-02 1.753362141705253757e-02 3.382995682512420638e-02 1.852715245127998372e-02 3.681796195271782451e-02 1.943228747869753942e-02 1.734128234763816084e-02 3.258258753923268941e-02 1.926152774450204941e-01 2.419194858810270188e-01 2.646723167374552196e-02 4.306221546505396153e-02 1.507070196054218804e-02 1.674397391120265033e-02 1.757303146503278943e-02 2.728768814853924432e-02
1.722862033045857028e-02 4.407392319457098528e-02 2.646792889660620762e-02 1.665423782510068104e-02 2.962683991770777986e-02 4.700108248626323065e-02 7.849773508179913595e-02 1.520335262092597887e-02 3.614823583238068599e-02 1.366823165683204999e-02 3.171977467695930725e-02 2.811176194302527839e-02 1.339358875244110458e-01 2.751083093559329729e-02 1.963073141756822848e-02 3.077888490952591233e-02 2.014019368833921964e-02 3.855643172169205546e-02 3.922485295667584027e-02 4.372274526422016000e-02 8.823567401915988206e-02 8.891094174350493151e-02 2.014907943480324232e-02 1.175836874125720313e-02 2.111260537403009813e-02 3.193104780658917452e-02
