2.321986079861276808e-02 1.217434930795075095e-02 4.257878165810626697e-02 6.711392268403087134e-03 3.569223974242139927e-03 2.160739504020891405e-02 1.109581535317052774e-02 6.011943071496691354e-02 3.171938898748367236e-02 8.816252414167903215e-03 1.982254928954182982e-02 9.654949748014505714e-03 7.096864370058589278e-02 4.930105054736947517e-02 6.126013763538924739e-02 2.689664387728283104e-03 1.044466473862081836e-02 7.880238366300433908e-03 5.687760009848367299e-02 9.602689503948735883e-02 1.107601681592937414e-03 1.192379644285389458e-02 8.091874179558501690e-02 7.151454425909849200e-02 1.020539257806340507e-02 2.051815227354290005e-01 1.261011643854289752e-02
3.156182838658313367e-02 2.975654422459009935e-02 4.428955331555567421e-02 3.285238455720226880e-02 2.771682232944458132e-03 1.418237323792968275e-02 7.798360596773345858e-03 1.523210632453626812e-02 1.248085877276106440e-02 1.002854996206217486e-01 4.138214332860477157e-02 4.288676668502238581e-02 4.801599427270596826e-02 5.059212043130856262e-02 5.750865770377238534e-02 2.445587672632730265e-03 1.216977334302543796e-02 6.647373834529272940e-02 6.316798170228499210e-02 4.806264844844236606e-02 4.338762158245141470e-02 3.257937964059917646e-02 5.521867716134604837e-02 5.884480292516858224e-02 1.763214192388595780e-02 9.258664708580947172e-03 5.916210885537779435e-02
2.859700374214635757e-02 9.557493058850261014e-02 4.516734063374380076e-02 4.759736873772402177e-02 1.608217757001505904e-02 9.664379677975789076e-03 1.741484591598535178e-02 1.176465933872967301e-02 1.485828363921797707e-02 2.149628417830935431e-02 3.595072760388350747e-02 8.572471088898452052e-02 2.299560872860781716e-02 5.533067508012923935e-02 1.864813976238269624e-02 6.241831075784891152e-03 1.112586004550085092e-02 6.629239418112262139e-02 6.362833724039684835e-02 5.120100913504577883e-02 1.160126570175604166e-02 2.420427272339765318e-02 6.467421914829077356e-02 2.177408793226276104e-02 1.338129684671274418e-02 2.687211381767884086e-02 1.121361760657124812e-01
9.688569633828444548e-04 2.249558123074160143e-01 2.223326413286007622e-02 5.848125656714286968e-01 1.431000249405665588e-03 1.311384248873961444e-03 7.565633957184771975e-03 5.366669958320096148e-03 8.582955497511316617e-03 3.290534807406468847e-03 2.420062335540855078e-02 2.467246882321282378e-02 4.474622905640855859e-03 3.102530535208527607e-04 2.082604281552304527e-03 3.816473321234820776e-04 7.954695302771021270e-03 6.473727021585176655e-03 4.351721828435184403e-03 1.444001104987146025e-03 1.112179114150085336e-02 5.305833386683463278e-03 7.353335641093894891e-03 3.935839598515108572e-04 3.002731762798736630e-04 1.911299347093978196e-02 1.954714642062302735e-02
1.232999635404811827e-02 4.914069534408091466e-02 3.103932874438309134e-02 2.133756686601587932e-02 2.262235987291425290e-02 4.203484232067251913e-02 2.219122974614363628e-02 8.865989209825077266e-02 5.244109954120799305e-02 2.232297718685038665e-02 4.447178864334028897e-02 2.987349074338993549e-03 9.610577519209792530e-02 3.659939530547187680e-02 5.881372881775712852e-02 2.904053934250315321e-03 8.527603112835971388e-03 7.795112319154716418e-02 8.951147747054971626e-02 4.391394920454086415e-02 3.409599641958292217e-03 1.793621637905391114e-02 5.599216212096199546e-02 4.866324596389280666e-02 5.416404564533934887e-03 1.478075059010944964e-02 2.789538871819181171e-02
1.956097887908590793e-03 1.642744780789894997e-03 1.520488628085717294e-03 2.264339890714875750e-03 5.691820087334826188e-06 8.919121707699234110e-06 3.015874584389271768e-03 2.798774289533973694e-04 1.242196753360180490e-04 2.346452809034991653e-05 1.567041438219719059e-04 1.762462329709613140e-03 1.647219114619100539e-05 1.116857262170585198e-04 3.016297966615414180e-05 9.766717538098642626e-01 7.175474716321398293e-04 2.773075791898139682e-04 3.413004797400920006e-04 6.509554030445630470e-04 3.926230623215250411e-04 2.472508223888419954e-03 4.908252861403277585e-04 6.665272967932004322e-05 9.862018084253282055e-06 4.940420276652708609e-03 4.903794313864762253e-05
4.500054189811114602e-02 2.355059251501187001e-01 5.493459256318154738e-02 2.709340154725840139e-02 2.407610866623565576e-03 1.100071647722504660e-02 3.788409016807105928e-02 1.390296381660764908e-03 2.675688767977839333e-02 5.833678904265639058e-03 2.462815038588850574e-03 2.418103458953640289e-03 2.283826506132884473e-02 1.461446069203771285e-02 6.452497733017098318e-05 2.134325017115492847e-04 1.147868279516126716e-02 5.486190820391723816e-02 2.571556899877838059e-02 1.132206296759303774e-02 3.421767714251539583e-01 1.445258841298824141e-02 1.670254913545653891e-02 3.803561644841203331e-06 5.369866104555663438e-04 2.413276176373078952e-02 8.196972758875193873e-03
1.733292891527483774e-03 2.299902923926762030e-02 4.503702135088401455e-03 6.221725082973034691e-03 8.351513672339077043e-01 2.580719290962258609e-03 5.343097245840723857e-04 1.519757274087527683e-03 3.122263581447279682e-02 6.283954899875317072e-03 1.360680329174928337e-02 1.031328148628372389e-03 3.981431580457406652e-03 9.090386266745411779e-04 7.416089612078073830e-03 3.828384768544047952e-04 3.183296052860559310e-04 6.908916819163584593e-04 5.038886039580846863e-04 3.150513468746863992e-03 7.450945627682718786e-03 2.280515049526568930e-03 6.503603335489326585e-03 3.141268828816886228e-03 5.708424409041115677e-05 1.411975866213270809e-03 3.441296036508524614e-02
1.036977509362822271e-02 3.502256022189241362e-03 1.430040723038015008e-02 4.261990239280595560e-03 6.780381418894199748e-04 1.325562967201936691e-02 5.226148975887269336e-03 1.283181549562817901e-02 5.512257395847147690e-01 8.191318231174953696e-03 4.731851079312099882e-03 6.692854003177671485e-03 2.748925708256623815e-02 7.375147896150253263e-03 2.812851650830906856e-03 3.955920903811750949e-05 5.785698172078915930e-03 4.224276698419549697e-02 1.799414398636068474e-02 1.802556133649695080e-02 3.458955108568396671e-04 5.327465381068895861e-02 3.541803196055894054e-02 4.283208315085993529e-05 6.991525680306534150e-04 1.200782690374541523e-01 3.310835494226011672e-02
6.541786786002132259e-03 3.840056066822868531e-03 1.520232944296551723e-02 1.462242683305704262e-02 4.420293950257720545e-04 2.082842421480700281e-03 1.748980479116333435e-03 3.797240744065268070e-03 7.311393740088054441e-03 7.466033087381232849e-03 4.585159925167566625e-02 1.208252716141254915e-02 3.134517566949956979e-02 4.479270418016251809e-01 2.351066075297135460e-03 4.295387561395742188e-04 9.176611670999202264e-04 1.410393433386543903e-02 7.009164797624893584e-02 2.009042718355493751e-01 2.739455530591221582e-03 2.091805375045814597e-02 5.543404691290753500e-02 9.009324164157977988e-03 1.567051690530120792e-02 3.103163212188460741e-03 4.065856499977401999e-03
1.549257720862710387e-02 1.629268250696605871e-02 5.688639187220136811e-02 4.763571534267380635e-03 1.984150478460831781e-03 4.138554608448059835e-02 1.844258152330366385e-02 4.258670937425788894e-03 3.682208085344892273e-02 5.627181341574283985e-02 7.467192432456975712e-03 8.145884795895270633e-03 6.013749827104041684e-02 1.054219265975256253e-01 3.528172887246923406e-02 1.515616611852597184e-05 4.963066611305043396e-03 4.537514755259663274e-02 1.343445771446217206e-02 5.784230871609976482e-02 2.506999001738973928e-02 9.750825221126803444e-02 2.118289423841766828e-02 2.288636409004605327e-02 2.482827747905935051e-02 1.382430044356641047e-02 2.040154873753586839e-01
1.088008437857772726e-03 5.868972044730188381e-03 3.177863551549497262e-02 4.272937772221935791e-03 1.887891691959459051e-02 1.186041644467006675e-02 1.067844835593262723e-02 1.811878474876941689e-02 6.516749105060311645e-03 2.786675545542972171e-02 6.299848258213600061e-03 2.131922922262221437e-02 5.339169275598813769e-02 1.329920559264286817e-01 3.725855179336751144e-02 8.220306212255828722e-04 1.437495435742757767e-02 1.802316334720885718e-02 2.001063485357308935e-01 6.497528368853636160e-02 3.918154766244051797e-03 1.429588267776732702e-01 8.968059344422434076e-02 1.911006363419248330e-02 3.601956514726830511e-02 5.558588871558317428e-03 1.626242405232809773e-02
1.580874656986168414e-01 2.734054657728213211e-02 7.489356708897518256e-02 8.171352052340137562e-02 1.416259050434626968e-03 4.157764220138221445e-03 1.501411473007348805e-02 1.606749646111934118e-02 4.092483762176662987e-03 2.553752873294232867e-02 7.878593381477729321e-03 2.588648003435113643e-02 7.467829786302092321e-02 1.844220287130508840e-02 1.625250951462094487e-02 4.320503018679528254e-03 9.778190374940170029e-03 3.051878358743944503e-02 1.054425213157661884e-01 5.912627266347465077e-02 2.803164998946173006e-02 1.949151189556282832e-02 3.944944120336748433e-02 3.813027136114920113e-02 5.388805686256861738e-02 3.754144499921825001e-02 2.282252221843587836e-02
2.944677351997128639e-03 1.797293695665880741e-03 2.319996173741576198e-03 3.289861902769368202e-03 6.491381548360733835e-04 3.507016662987522040e-03 7.182210328195247628e-01 1.523244679158651874e-02 3.172265937132004443e-02 2.215342103881167042e-03 6.739097122571408689e-05 1.464646728882161878e-03 6.384534164391682427e-03 9.180467864674449543e-03 7.558789134328883035e-05 1.191014594159057022e-05 5.323711207599144540e-03 5.332712763888568588e-03 2.371828088860136047e-02 4.251190318970517884e-02 6.818837403328402262e-03 2.570823720722625189e-02 7.297609555824464619e-03 2.824598613309466848e-06 1.117806658477164583e-04 2.014715254058367048e-03 8.207538447053837338e-02
4.686701160048372707e-04 2.337964480814056206e-04 4.097373308101916016e-03 2.091748218304952719e-04 2.719968285103110950e-03 4.244525836906787655e-03 1.421579572855683100e-03 5.237961170908590411e-03 3.118679562671321064e-03 2.321085203147770437e-04 4.649417919144464189e-04 1.147651065084340010e-03 2.948068251433024270e-02 1.318733620805302362e-02 1.826394627226302862e-03 1.296215794465886825e-03 8.528078898108930675e-05 5.407121048231303476e-03 5.442014528254170667e-03 1.276899505869202520e-02 2.654469362781517350e-05 6.743334914815287892e-03 4.193007447875555550e-03 8.881159320796612189e-01 3.128903013227008617e-03 1.610167963699919366e-03 3.091638819081338630e-03
1.761500323187113054e-02 5.491000542488188446e-02 1.401592717147392975e-02 6.452140051085829275e-02 8.839088027608567929e-04 1.725804207093920364e-02 3.681225783645516742e-03 6.633472496546866104e-02 1.330293741192963355e-02 2.701405402979291728e-02 4.717995737429230702e-02 1.514093582324543136e-02 1.522709392459335384e-02 3.890719021423379859e-02 1.780888891272415162e-02 4.356694812081198659e-03 5.124384332599728892e-02 1.614868734090833258e-01 2.339997065673148774e-02 3.674909372051310408e-02 3.225575165644159470e-02 8.053423645507817863e-03 3.706677685577829118e-02 1.036563452813955670e-02 4.907224893507259461e-02 1.088359341127953656e-01 6.331245868914726904e-02
1.234650137781866325e-03 4.009412205542815799e-03 3.560000588330941487e-03 2.114470143397726657e-03 3.003561119456189376e-03 1.104929954248010706e-04 5.566201332549753798e-04 4.706157993255159419e-03 1.679425110442261905e-03 5.985930616912616840e-05 2.948198859626170558e-04 7.683919343089777934e-03 6.066353402647761076e-04 1.856205111092344836e-03 8.195282764495962977e-03 8.855877028740560819e-01 5.003978568743158543e-03 2.434668701788516806e-04 8.255863389229418231e-03 1.664685484364221771e-02 7.491215313151448473e-05 1.331625854619005421e-02 8.146758986208643000e-03 6.603719806401315813e-04 2.206338307583911428e-04 8.707332755862943335e-03 1.346435302339715236e-02
6.205802857578195803e-03 1.059142807514686264e-02 2.279445704551182755e-02 1.012918144518550230e-02 2.745947672515750655e-04 4.263408695574641416e-02 2.674442602199780458e-02 1.123966123692884435e-02 2.035104897250220989e-03 2.030963806229570817e-02 1.150946555172045055e-02 9.353178024035871396e-02 2.393276470135616632e-02 7.732584391574590099e-02 3.768910595097710314e-02 6.715319243673539601e-05 6.924416373187633218e-04 1.467839506761935663e-02 2.186987714052721909e-01 5.008705179201117241e-02 1.476718274313072602e-03 5.587659992961271221e-02 1.394950683584458007e-01 4.949321974960346066e-02 1.424997319147283323e-02 5.807165235228109457e-02 1.656133245614779012e-04
6.259194478713109126e-03 2.147576496436624793e-02 1.966544601872975348e-02 1.229561792872480540e-02 8.817841303956605635e-04 1.230887253144136032e-03 1.981643230398422162e-02 9.188999592586002615e-03 3.744366816402022041e-02 1.360664088783031939e-02 4.449122451728575872e-02 5.100715672756725438e-02 1.142981219876515638e-02 5.946269817543034519e-02 2.865698968987718392e-02 3.840535450174157239e-04 1.314042056088444294e-03 1.723890217425352867e-01 5.740819543132538727e-02 2.178371110058529569e-01 3.473130708740689715e-02 4.291618677020642841e-02 3.090121479072762203e-02 5.100665516338296485e-02 1.773046525248635208e-02 8.183692905845176002e-03 2.828573721770489408e-02
8.788944277689129947e-02 2.054815926758291056e-02 2.411305853795363274e-03 1.926983693778360884e-03 4.510209138766343301e-03 1.831033502691838122e-02 1.206484387459759661e-03 5.392699000513124412e-04 3.430833708853269805e-03 1.119247901375098339e-03 2.187186190407460276e-02 3.172299739737522925e-03 8.456778312894057403e-02 4.821182530954813347e-03 5.503606809631610315e-03 1.043623248250327880e-02 5.046118146991967687e-03 1.382953275868047671e-01 4.022194734054555104e-02 2.586207635502876245e-01 2.865526999540564390e-02 6.828281374563152650e-02 4.669398991286983353e-02 8.055674324618348342e-03 2.565776425787720701e-03 9.707977036234685664e-02 3.421731035739560695e-02
6.414720450009278596e-03 1.016562656011973063e-02 7.962839315343210947e-03 4.054400067672142734e-03 5.070752183240386651e-02 9.948855212536424075e-02 1.880552929468264078e-02 2.789249217670844438e-02 8.685890143502053573e-02 1.034189301188473756e-02 6.907941682829269814e-04 5.815171787231351863e-02 1.567701427040090606e-02 7.528421535123558730e-03 2.249931318349021256e-02 8.648160846927929486e-04 1.486380544424726301e-02 8.285568663668843939e-03 2.530013790097829923e-02 7.234772628118910087e-02 1.353489320434081000e-03 2.251368197960554041e-01 6.367063414203669169e-02 2.396307495245413727e-02 2.424838244571191417e-02 6.121668760344027571e-02 5.150912006627120232e-02
1.970923097037219351e-02 1.497569929795051743e-03 4.049176930536167035e-02 1.055304089261176756e-03 4.508810294219659301e-03 7.187509239427209741e-03 9.580113761939424225e-03 5.367125349738032306e-03 6.672518189907919797e-03 1.459438929647679031e-02 5.113258205920638046e-03 1.569547407108039900e-03 1.228712475880806843e-02 1.858231910650999519e-02 3.868307963243044654e-04 6.304535097870619866e-05 2.698282622570085960e-03 7.042290012760186882e-04 8.786644369879267544e-03 9.777501200411903293e-03 7.758976562429951152e-01 1.822515387137318629e-02 8.044484709496453959e-03 4.836889640554284560e-03 1.360798046623556880e-03 9.569057931188880081e-03 1.143283631148247527e-02
1.158693703798291223e-02 8.248514411415828682e-03 9.702215571470905464e-03 1.785961606789862252e-03 8.140512233089499880e-04 4.469747461735949431e-03 1.286587054529335881e-02 1.016136942387739148e-02 2.413625162322536460e-03 1.091773700845157305e-02 2.925360538699982305e-03 2.278568376116344254e-04 3.276152549446813556e-01 4.044398022091774680e-02 1.896186368272862572e-04 2.947008711223194689e-04 1.732202123150116541e-02 2.441329173242463152e-02 1.383795334957086121e-01 1.783066248070148407e-01 5.750050267571708319e-03 1.096197328765461006e-02 9.812439854942937856e-02 5.916524523183235712e-02 2.202531429195520030e-02 7.853669137288755639e-04 1.033786886693593304e-04
9.095512111092244820e-03 3.406423432150082475e-02 5.061673526897086939e-02 7.973921885708062582e-03 6.439767247560256036e-03 3.398372201748450089e-02 1.132115078832612691e-02 2.801956861691476744e-02 4.836773827398366948e-02 6.037718564709419929e-03 1.048050108154209292e-01 2.906674230185441951e-02 4.382143713669372359e-02 1.122203758394519496e-01 6.691786168968966164e-02 3.753569325406057137e-03 3.454373290262124918e-02 1.026127446542566581e-02 4.184404872416754365e-03 2.822086392697156776e-02 4.830177561802890401e-03 1.127091778716497322e-01 9.283020705893731128e-02 1.307902774458142257e-02 2.199895181339169697e-03 6.127747083584563978e-03 9.450842512590233724e-02
1.121257663608567256e-03 1.183728752996804703e-02 2.893778590849914630e-03 1.803827324205738896e-03 3.589916118911052299e-03 2.686553140079573146e-02 1.823919579834430010e-02 2.610807571987958098e-02 1.316304370303165994e-01 6.520061761633567585e-03 7.960658610851542322e-04 2.179933403417249824e-02 1.098202784385897968e-01 5.816670471625690064e-02 1.966835829644858892e-04 3.507010144868199218e-04 3.469280803964267489e-03 1.337550580163140122e-02 5.666319312617747184e-02 2.299585425421231677e-01 1.441703027957553173e-04 1.216180062717477223e-01 4.665516139850369587e-02 1.827506325600293871e-02 1.272728413685584366e-03 1.437546254184464412e-02 7.245374895545449168e-02
1.057098584583705987e-02 4.268165871944715195e-02 2.651323076001755458e-02 1.556196684696400240e-02 3.062828864329354261e-03 6.797022613955529431e-03 4.554187576992062107e-03 9.347564082381562556e-03 2.508937826792278017e-02 1.922209848549415179e-02 2.414204746593543241e-02 3.735612269017522524e-01 2.794324494981580490e-02 2.578953082796891366e-02 1.572434111686841010e-02 5.573996810534052751e-04 5.733144906503990709e-03 1.491759919529456364e-02 2.563618197241309890e-02 3.519509750999531145e-02 8.851010342365493028e-03 1.001410329619935036e-01 5.726959793777607055e-02 3.827076063084451640e-02 2.226068117219808656e-02 3.716493695738019160e-02 2.344124340649972674e-02
3.235222207190799944e-03 1.063505740222789060e-03 8.092342315533948777e-04 2.050308721356503266e-04 4.517670585382376250e-04 4.421413984442761069e-02 1.440307386925414714e-03 1.441713342996204031e-02 3.263210627378355239e-02 1.305033641764305127e-02 2.414505588618100825e-03 1.554378611937251228e-02 4.403267496221690419e-02 6.550370206515256088e-02 4.355735537559860676e-02 6.104595333067144814e-04 5.764122570508018427e-03 8.791310153424582163e-02 7.708267382553302127e-02 3.228889682519872628e-01 1.714084731727157649e-03 1.243054917496849848e-01 4.938402289995850319e-02 1.541439059226341370e-02 2.001994894706033215e-02 1.100404778348691194e-02 1.327880006896408824e-03
3.966923126079983063e-03 3.018061612128829577e-02 2.250348451891984528e-02 4.773920840079249293e-03 3.684246030147086503e-04 2.012569055557249589e-02 7.647681350904347224e-05 5.717559984300341069e-02 5.729686206402602455e-02 9.143239988877888136e-02 2.482007695233079750e-02 1.518761451614443134e-02 5.904188265407497166e-02 3.273643215968283227e-02 5.842735463900784049e-03 7.024253666455551007e-05 1.868195361998325208e-03 2.417967084653144250e-02 2.507466284980339535e-02 1.926353239904445847e-01 8.616661380748218135e-02 1.015816985572996940e-02 7.977418855912959961e-02 6.827493855933827738e-03 4.539765474693277514e-02 6.178624754498316003e-03 9.614001871444514957e-02
3.318821272521918888e-04 1.514294463469477714e-01 1.480425107120372742e-03 3.185593694824993133e-02 7.340145707185526947e-01 4.153749721380543825e-03 4.116391055033565873e-03 4.670375258875083526e-04 7.050052314597654579e-03 9.855697243005891520e-03 8.943980545606860719e-04 6.022026377728186171e-03 1.146912999879999735e-02 6.487969761817637734e-04 6.252442645133186004e-03 4.225538166184404355e-06 3.910820779589558455e-03 4.549181307137471829e-04 1.730061856550673457e-03 2.551038814891668839e-04 1.298680707662110828e-02 2.979259976361743351e-03 9.777393440295585689e-04 4.963898637518055282e-03 3.243404223718480560e-04 7.199238554298913358e-04 6.509173407264328423e-04
6.098758124014625609e-02 6.419330638706896575e-02 5.113240217854829461e-02 3.057756957621647793e-03 3.502833137935115748e-02 9.630614500946602791e-03 3.028020503598102126e-02 3.529465978475950297e-04 6.878584878574480616e-03 6.219444635391685634e-03 6.393323204969592749e-03 9.703922063944133217e-04 2.089832543175751123e-01 3.453265572134833067e-03 2.771152514200534833e-04 7.405766923353420295e-05 2.659789792322317641e-03 2.350933408619012427e-02 1.636911092188208378e-02 5.770046165408460742e-02 2.726540031022561261e-01 7.738758281352563738e-03 1.733256530084713656e-02 3.291255647191095729e-02 3.422091628888674492e-02 4.432252841420812606e-02 2.667393672853901176e-03
4.867753044563412346e-02 3.212581051251330033e-02 6.578897575631265093e-02 2.899685691564083193e-02 1.944646854565003358e-02 1.737994263919312096e-02 2.407479944865422578e-02 5.532366383138900140e-02 9.222936359128134504e-03 3.323160284264895653e-02 5.046226822332152556e-02 4.649900051463214806e-02 1.701336543855325525e-02 4.849851052743143348e-02 2.604406056114503751e-03 3.770090861471900030e-04 2.486991602884240996e-02 9.962862758645890313e-03 6.347088848781831660e-02 3.872199293721697438e-02 1.544727344817909027e-02 6.648753153306158348e-02 5.844354052938916660e-02 9.345520999592515921e-03 1.768073522519027913e-02 3.166032434108433102e-02 1.641862665680148825e-01
1.870854560191598757e-03 8.173483136221092182e-02 5.920327454626766323e-02 3.215683493874451487e-02 1.351402564777131297e-02 6.704931632945568265e-03 8.568538300793926768e-03 8.186752976153134284e-03 1.033066262507985680e-02 1.044136808042448426e-02 5.807087742698677224e-02 4.033199461696659327e-01 1.220112711382840415e-02 3.482711263351501857e-02 3.672013563538377434e-03 2.723847870063647158e-03 4.266981729739849696e-03 4.135236013173927000e-02 4.553900207554877413e-03 1.904513129456125373e-02 2.579136756177641265e-02 4.766055485548448614e-03 2.342064793742433537e-02 5.162489064870116884e-02 8.415010670085281211e-03 6.319949456757308071e-02 6.037160317114951234e-03
2.791819819680119857e-03 1.025009734564923981e-02 2.286153469010330369e-02 2.022702936819704977e-02 4.204429413574278795e-02 1.014908553459544505e-01 3.676643493280575079e-03 2.784426672688659551e-02 5.028249300071936656e-02 2.553366043285788464e-02 1.636908216347204501e-02 1.784269361141603907e-02 1.304212258254895951e-01 2.650691244067398741e-02 3.143345060763897553e-02 1.899620004951984653e-03 3.903060054226746654e-03 1.123183086748547402e-02 5.797858387784935591e-02 1.032807146830738432e-01 8.650727866810346139e-03 1.074578335643730648e-01 8.891136458449648561e-02 1.238417946285095932e-02 1.523283180162837008e-02 6.017876315761428417e-03 5.347531790872988439e-02
2.050915887313179472e-03 1.270325577718703271e-03 8.870291767085891751e-04 2.001317029221043840e-03 5.001180596046713012e-06 1.280046881273977447e-05 2.651014099314366341e-03 4.194307568755641633e-04 1.653568824671337574e-04 2.447083748520413908e-05 2.122436860819206395e-04 2.690112496265379197e-03 1.588106336059111586e-05 1.601327297675791343e-04 4.506083378935740752e-05 9.785657810780903354e-01 9.756931829065519082e-04 2.371489378988728104e-04 3.723068707175749008e-04 9.974459755614946670e-04 2.650643823538413732e-04 3.350869422154784463e-03 3.910288949617142453e-04 1.105820536764591169e-04 1.078235503020448394e-05 1.994030517998084031e-03 1.181736228724233797e-04
4.171969187596572155e-03 9.274047177694276500e-02 2.446393832173493835e-02 5.606052548684938887e-03 1.470446283406167710e-03 8.468195018158840293e-02 1.261399185634463904e-02 2.551441257929258459e-03 3.265537461395070368e-02 5.247585746251354211e-02 2.467167587861931154e-03 2.051915138346445486e-03 5.570256085190621737e-02 2.248840385696534716e-01 3.826573847466406726e-03 6.088309443611020199e-07 2.080054395700898021e-02 2.151896690020835001e-01 7.851283264976034737e-03 1.332117148450686142e-02 3.309783236290645206e-03 8.272229287765893446e-02 1.702353778769776296e-02 2.899641282240919657e-04 2.791394033335665385e-03 2.935002781893696414e-03 3.140099912945323174e-02
7.159712282022109853e-02 1.729939367047338486e-02 2.304498001806998611e-02 7.992527699742537489e-03 4.602348708008225375e-01 3.480495531331385256e-03 4.428099981868008350e-03 1.697749476928038515e-02 8.355375920866648515e-03 1.170237435073987094e-02 2.434808664796070041e-02 1.913838488776922406e-02 5.261747502160857987e-02 3.573214978390258038e-03 8.666563274377849934e-05 8.027394220192324292e-02 2.193726150527676542e-04 4.441597149003143064e-02 1.059431885484301596e-02 1.604482145240309840e-02 8.642210624251004400e-04 2.885499475952739076e-02 8.811746637837176380e-04 5.387515732570247878e-02 4.689709468876569103e-04 1.207540723888479326e-03 3.742295117164323032e-02
6.414720450009278596e-03 1.016562656011973063e-02 7.962839315343210947e-03 4.054400067672142734e-03 5.070752183240386651e-02 9.948855212536424075e-02 1.880552929468264078e-02 2.789249217670844438e-02 8.685890143502053573e-02 1.034189301188473756e-02 6.907941682829269814e-04 5.815171787231351863e-02 1.567701427040090606e-02 7.528421535123558730e-03 2.249931318349021256e-02 8.648160846927929486e-04 1.486380544424726301e-02 8.285568663668843939e-03 2.530013790097829923e-02 7.234772628118910087e-02 1.353489320434081000e-03 2.251368197960554041e-01 6.367063414203669169e-02 2.396307495245413727e-02 2.424838244571191417e-02 6.121668760344027571e-02 5.150912006627120232e-02
2.241825074031559076e-02 9.538153572215648298e-04 1.125187664663959697e-02 7.456835490400563239e-03 3.304177231849135098e-03 6.149228805065388125e-03 2.897973654409374432e-04 3.020900756086635289e-02 3.504203395821562164e-03 6.045612447228717289e-03 6.050047459696551895e-03 2.030078814407581742e-02 4.493826782614494114e-02 8.104529356505506613e-03 3.156763095872364144e-02 3.177038911507063662e-02 3.476087776155061329e-03 2.243715377767940139e-02 4.639447093021001160e-03 4.399734391372100289e-03 1.913332226817972270e-02 2.376581846300889200e-01 7.476413631938461091e-03 2.327225257268747405e-02 2.617466727771800006e-03 3.533608512847763450e-02 4.052393941015620671e-01
2.672743502702732213e-02 1.364245551063936884e-02 8.891436822625913006e-02 1.519807493294209402e-02 6.677457551244225104e-03 4.981585968834269934e-02 3.128398098322717619e-02 1.697967387471237960e-02 3.340635283436432096e-02 2.265361951703900173e-02 1.949414994742917628e-01 6.536609006020417667e-02 3.109235096776938323e-02 8.437638755413889857e-02 6.136971876947695803e-02 6.705446846729305917e-03 1.092830476587339054e-02 9.573153195638797741e-03 7.677654818233773173e-03 2.112610868810323173e-02 4.412905633966809557e-03 3.439832238556574107e-02 3.824251069351467663e-02 2.601674233944996362e-02 2.103088050847673474e-02 3.376137955569091104e-02 4.368126559707782852e-02
1.102182914746330580e-02 1.751296854291277101e-03 1.374917194631472637e-03 2.813336131095690341e-03 1.797658932266432962e-05 1.560653442338986262e-05 9.136779373910254793e-04 1.360747128538728531e-04 1.560771464496750764e-04 3.752604533094509929e-05 2.018952071325204225e-04 5.178641975513247758e-03 1.667271325576305806e-05 5.313355100300687101e-04 1.162812416554445091e-04 9.646953566088284360e-01 1.172244103113127649e-03 4.941425020894164432e-05 1.843000662421855453e-04 7.584866925827081453e-04 1.218208397488645028e-04 2.151267965696626074e-03 1.060438659429947334e-04 7.415768804371045998e-04 2.901161785777354698e-05 5.638896568843839233e-03 6.843559965741079481e-05
7.063734817910588548e-03 1.134890452672547394e-02 1.157613555977228884e-02 8.451292762916432291e-03 1.719719881314491253e-04 6.372941391632313407e-03 1.213196915456674942e-02 6.960828559382911587e-04 1.863419595478478172e-02 8.300708432060149118e-04 3.416428346994667374e-03 4.483360063205187214e-03 8.011181043980178038e-03 1.018302006386790845e-02 1.435153936532353180e-03 4.433788664066046730e-05 8.447454155055058589e-01 8.023096328127603824e-04 8.972650234677210374e-03 4.378484053916755804e-03 2.061399619602698359e-03 5.263585201457831632e-03 6.013836868868758893e-03 2.705420523147610023e-04 9.748396388375175220e-03 1.127689700484135228e-02 1.615702240821323930e-03
7.742124590627056345e-03 3.607109597755414447e-03 2.410437560786793040e-02 4.236223880946257681e-03 1.716002641412018659e-03 1.644954175221428633e-03 1.128738267774569148e-02 6.271965646025144843e-03 9.787195468321688990e-03 1.202316798152481582e-02 3.195276242607386803e-03 2.531338186788189074e-02 3.233080555643947675e-03 6.681557561728088818e-03 1.646243318503228437e-04 5.947260921032617147e-04 1.451459258039563887e-03 3.448009461970720935e-03 3.786129492402165453e-02 2.026220666975151602e-02 5.560125342606474508e-01 2.336929022023415820e-02 2.437275853592043434e-02 2.834198581861860789e-03 1.676329197464685285e-03 1.611774536715785550e-02 1.909910246036678749e-01
1.867054957949696500e-03 1.185261055588251317e-02 3.889466849562301515e-02 2.967031113516750869e-03 1.488568214192594573e-02 1.503509531681873320e-03 7.013097746290292839e-03 1.195150732508740328e-02 5.622711675171020509e-03 6.330732380611463726e-03 1.162196574897715043e-03 1.983197532291368706e-02 5.314663498165464461e-02 4.449313167994248946e-02 3.313024202599904977e-04 2.062944331638242625e-03 1.019068093600190503e-02 1.124016917150138517e-01 1.773524524422787352e-01 1.125336447016658942e-01 3.416933783209169756e-04 3.686209342003351347e-02 2.390681266652302517e-01 8.082496396219980214e-03 7.567987213837378338e-03 2.262805522157048527e-02 4.905428667478047705e-02
1.782027869781097409e-02 5.044606219937377428e-03 5.431154559597579923e-02 1.110176767523036925e-03 8.585003932735217093e-04 4.907647116059826731e-02 1.391611481182678800e-01 3.357045649101822460e-02 1.550548541464937501e-02 1.481483522399002807e-02 1.846191525116024079e-01 1.040721076604401302e-01 3.425946488522509104e-02 6.620146598811084415e-02 6.181119291137454098e-03 5.156470215703856490e-03 3.245085685421290889e-02 1.280522262469162634e-02 1.654031797402184464e-02 4.437175155312895330e-02 1.021977634170658780e-03 3.724697726902399114e-02 3.706040588543619424e-02 1.567347378524254486e-02 3.340739087103154759e-02 2.365395639846991360e-02 1.400438451530537642e-02
2.541759993186431393e-02 9.076603913589123551e-02 2.440803987581602330e-02 2.197173696146676944e-02 1.003283285838298296e-02 2.171632245841996489e-02 2.020436780220235748e-02 8.595083030205501184e-02 1.977177470260297470e-02 4.251095517184337591e-02 1.278883643623406619e-01 3.454427841906884677e-02 1.119526041197760856e-02 2.729343294493093847e-02 7.258433888741284978e-02 9.879781878579026611e-04 2.160085384225405095e-02 9.038445943502296243e-02 9.397061895862977507e-03 3.067435087687857623e-02 1.087030025460510377e-02 1.665944021689407320e-02 1.948660406816010021e-02 1.184294989174649974e-02 2.947875988507206446e-02 2.236397670352093664e-02 9.999709051584887431e-02
1.052466709510686653e-02 6.817164246602316902e-02 3.451757831816782557e-02 1.247772648826901004e-02 4.459102647421048574e-03 1.608039848803454602e-02 3.700162011740431873e-03 3.461476320586669847e-03 9.349860273052469292e-03 2.194091126117892615e-02 1.100197756869382253e-02 1.370171925774527413e-02 4.951903466416017474e-02 3.179250622167320017e-01 1.525015102917036576e-02 3.404039666835016222e-03 1.906333274735612024e-02 9.096910389204751479e-03 3.130201305919048244e-02 4.115121417893555927e-02 1.413619549823907614e-03 1.132784010288365693e-02 2.235100318205169093e-02 4.185950945796278189e-02 1.573894534921414512e-01 2.319296863861848926e-02 4.636662542891353822e-02
7.784969713771365020e-03 1.229142407949976035e-01 3.562007956286813298e-02 1.941842338479751462e-01 1.284818356572907340e-03 1.731292676594992086e-02 2.502324399560361748e-02 2.418507729376396381e-02 2.353176105501393958e-02 7.808669966096974668e-02 5.117891655905099785e-02 1.244341975157240744e-02 3.386560619457172627e-02 1.302170017270890294e-03 4.365629930288026511e-03 1.297088553311252548e-05 3.987034875375201903e-02 2.029116079691425586e-02 3.277909441176704835e-03 6.310464265574285657e-03 3.847534640578519766e-02 5.711405589012337469e-02 9.967966721098283495e-03 6.416928606111571218e-03 3.692853087352379951e-03 1.849321675988170946e-02 1.629929848864566655e-01
6.756061810044548810e-02 1.170526880930315428e-01 6.765552060848473159e-02 6.395031256731420650e-03 3.345914795483333030e-03 5.681647254050669130e-03 1.219877382895018757e-02 6.238108447732285296e-03 2.116261729801861488e-02 3.865279847396906662e-03 3.588216667697986806e-02 3.567631876141971747e-02 4.403395750858152616e-03 8.501191851857863718e-03 8.472035903209464147e-02 5.650985226680226708e-02 5.455774861216607097e-02 8.966756819908253476e-03 4.529261080484117685e-02 1.446100738632599414e-01 2.898056891978525659e-02 1.014880959267115690e-02 4.546596452301706476e-02 3.303668363917384131e-03 3.895092926577364140e-02 5.925005802342795530e-02 2.362332734089434005e-02
4.366268831122374345e-04 1.396087408004034270e-03 2.721570093838049723e-02 1.004376038242179789e-02 1.875966135611294508e-03 4.511293134013654761e-03 1.765225488100338747e-01 2.277805883127581848e-03 2.025168139599528756e-04 2.182939004149138940e-01 2.847134022683539371e-03 9.150825610030504861e-03 3.306161246318137931e-02 2.249571318456536351e-02 1.875882167296197926e-05 1.466204564075862636e-05 3.810249720083612891e-03 4.519319046396207823e-02 1.542535631068266480e-02 4.933016661272160213e-04 2.247325997044830048e-02 3.776221928415579021e-01 1.042333804396208471e-02 1.372817655260717782e-03 7.889625629942708177e-04 8.999368517520858410e-03 3.033049296046893498e-03
3.008894705258027477e-02 5.578301459614277286e-02 2.780605191480954239e-02 2.817145996951192152e-02 9.909518422836398679e-03 1.342692212507803906e-02 3.249861871896359694e-02 2.414021580030632080e-02 7.889720683049845223e-03 4.214618650912189263e-02 3.126943819273010627e-02 3.127948607448099994e-02 1.940591243534367169e-02 4.627469605756667770e-02 3.806720771477063031e-02 1.067280786995730398e-03 2.372249578567240877e-02 6.702402627677699065e-02 6.004408386908959006e-02 1.126140948123121877e-01 4.002644010325546314e-02 6.581084043227586333e-02 4.524367210308029297e-02 9.535613338481654239e-03 5.838796452048776453e-02 5.029783819286820154e-03 7.333630788499242992e-02
2.705484020239908786e-04 1.175548119467042206e-02 5.586023219038750709e-02 1.514612242733232202e-03 1.255364827744829929e-02 3.967117785109096351e-02 3.022437838358662653e-03 2.222906129836204041e-03 5.620365429583953215e-02 5.017427325192544418e-02 2.531276926468789979e-03 5.037962601039120813e-04 3.968986841226963547e-01 1.937337722341996860e-01 2.290083043633892284e-04 1.848587719159234990e-04 7.316471026080509019e-03 3.494595292742408519e-03 5.578516834783281940e-03 3.157097425834306387e-03 4.866391840117467314e-04 1.074862282273949671e-01 6.260703054591571122e-03 7.029463948487476611e-03 5.989980522995836526e-03 1.084424459708140326e-03 2.478551172930768681e-02
1.594290848470398397e-02 5.195914384823766864e-03 2.560755169443570609e-02 1.001960011089872080e-02 1.788797900612577527e-03 3.117645898413673108e-02 4.580514335188572150e-03 1.253580921063805059e-02 3.322890003377580725e-02 2.942560869069099985e-02 6.698316965086408524e-03 1.576931918704223973e-02 9.046956639524142071e-03 3.764191132500653569e-02 5.853463446828142125e-01 1.088736319592512047e-03 1.749910240164109874e-03 3.596910803476331946e-03 4.767330688227425749e-03 1.392303873758360400e-02 4.640102978395710918e-03 9.714846852387062914e-03 8.361755767182305760e-03 5.575433747106434135e-02 4.677058527878680261e-02 2.094335883932984740e-02 4.684173394431516771e-03
4.766531622010939523e-02 6.433737915862451640e-02 4.214501835813604796e-02 4.103212032185211966e-02 3.779084760641574729e-03 7.454350080330635585e-03 6.214070291977806006e-03 2.382981627772748009e-02 2.163787655937297882e-02 5.687981581582470664e-02 2.251084416029625057e-02 7.216817221590889064e-02 2.805289484921117543e-02 8.492585515613637615e-02 1.467444585208741749e-02 1.804686004775226120e-04 3.582085638342260431e-02 2.107753088308840506e-02 5.459826239955971328e-02 6.039679460209394779e-02 1.883435675315040317e-02 5.014431171805437681e-02 2.347118620533009473e-02 1.593733935510619620e-02 3.111627384246419201e-02 3.034015767944628003e-02 1.207754014995688491e-01
2.163751044120823183e-02 7.932291345472887445e-02 4.240041078327401458e-02 4.984537855567261477e-02 1.045285067918429872e-02 2.875885248323451979e-02 8.944445983787878071e-03 3.071448261306825370e-02 5.384805140780545007e-02 2.767597553363036408e-02 9.735814283999749685e-02 8.697890372607185172e-02 3.324070654841253247e-02 5.729566827022811171e-02 2.140758116130012101e-02 8.320381908405236407e-03 5.880438683729443533e-02 1.940674556070293155e-02 3.227555234094899722e-02 3.772428958470119137e-02 2.298909329678456778e-02 2.234706089451204622e-02 4.128647174095920885e-02 2.526330135140463992e-02 2.964790112765974470e-02 4.513739731477256489e-02 6.915543560249772480e-03
5.129027984718279726e-02 6.254218929569091423e-02 4.242468502295673738e-02 9.248175102862232766e-02 1.164265691295590481e-03 4.822435317530861763e-03 9.719181313643333875e-03 1.816792272186906754e-02 1.446479847217537959e-02 1.477965728834934427e-02 6.811000316537188168e-03 6.806519228870919203e-02 3.066841922218782948e-02 9.639371903838548153e-03 1.837761301334368130e-02 1.322283107048231226e-03 1.791169013632958051e-02 3.335824621784616584e-02 1.223621664839702194e-01 7.484998955959042133e-02 8.862700053742729456e-02 3.314478235976293929e-02 4.283365313937635005e-02 2.694774082447611019e-02 2.001038342796537806e-02 4.303088814092987519e-03 8.891021264818153858e-02
8.628512533465231005e-02 1.017988134475547590e-02 2.676470726289500307e-02 1.717087714200499909e-02 3.504242686685486025e-02 1.565368661278546472e-02 8.144320770602881884e-03 1.351176033745073168e-02 5.322407676341651440e-03 2.497243869193432539e-02 3.212716297272725369e-02 1.918769035829345423e-02 4.943583573154469030e-02 5.409796818389369516e-02 2.603254740300960102e-02 4.437891992469297775e-02 1.223083610145472844e-02 9.354590540151287714e-03 4.935915475484099757e-02 9.992392014257663047e-02 8.173486840922988134e-03 1.360086569000453806e-02 4.640623607654636995e-02 1.030069345781845225e-01 9.520144513787398566e-02 8.227965288881353145e-02 1.215512063419106614e-02
4.412090051492405934e-02 1.962515783780270986e-02 1.246379271336193334e-02 2.696955365032961335e-03 9.031408773885431153e-05 2.390433684581363266e-02 2.263253174489244460e-03 5.160920793355563974e-02 2.206505487473381724e-02 4.888498410006458274e-03 2.450248472965323859e-02 3.815785751273410159e-02 4.744561999557187632e-02 7.486513974259005610e-02 8.753276983390081978e-03 2.604062307829219103e-02 3.764005414991107579e-02 6.819343287581412956e-03 7.741470715375287082e-02 1.918781129165602062e-01 1.306435900231698866e-01 1.489600318938272619e-02 5.798941462194481117e-02 5.912287774349525050e-03 4.474547350357457182e-02 5.291095642726643608e-03 2.327744393735531325e-02
5.407510364981152340e-02 1.080965935752654060e-02 6.956339381794825194e-02 7.395255776677168644e-03 1.195885619262866684e-02 1.549842991198556799e-02 8.736721421539889176e-03 9.956024465366884735e-02 9.095089675814221203e-03 7.947542279095552720e-02 6.365654831639352973e-02 8.279356062450610523e-03 7.862958206748743573e-02 3.717131487472740553e-02 1.878302257443597093e-02 6.330764153867493582e-02 5.002542565090218121e-03 1.208303159752209185e-02 4.951806957802164233e-02 4.252786233931504789e-02 1.636309129707981189e-02 3.574181969682459908e-02 2.194111090947702125e-02 4.472724318231340035e-02 4.020454694697261910e-02 4.792485303952569164e-02 4.797018616513162165e-02
1.682508497570636349e-02 2.598814398912210888e-02 2.400568059515741787e-02 1.290382199875268233e-02 4.850751716058668457e-03 3.748449570659836971e-02 1.125375602749145894e-02 5.410313980791840727e-02 3.763118231205213327e-02 3.447875267933749044e-02 2.619615211358980109e-02 7.801589692589319669e-02 3.596735577064687217e-02 4.875749728955772189e-02 1.419832571324885009e-02 3.694012585788709305e-04 2.327857330212172379e-02 6.304229076439070434e-02 6.045740552403115059e-02 1.078588241772231587e-01 2.323529302894206811e-02 3.285907086367885477e-02 1.162178904770048427e-01 1.756774840210122146e-02 2.055809575668548356e-02 2.322960302824479337e-02 4.866576579586560924e-02
