2.684039644121157323e-02 3.673368586812995190e-02 1.987859988139404482e-02 2.273244629294878319e-02 3.673522531869385238e-02 1.988420052207271957e-02 4.000171863894295965e-02 1.445658691736366117e-02 1.784846378746629825e-01 2.646749535974812079e-02 2.618275490185996771e-02 2.336980057402360256e-02 3.527622706415878967e-02 2.303033944191950483e-02 4.618233435153895616e-02 4.555764986748300771e-02 3.825054464439252982e-02 5.524039202413207061e-02 2.082333295786893690e-02 3.927989551236114180e-02 7.108997741305016216e-02 4.430861913403964791e-02 1.725626795614539424e-02 2.936039650567938072e-02 3.626611126716710459e-02 2.631036326901136507e-02
2.789081111305790825e-02 2.963992709841577894e-02 2.585328425947297157e-02 2.066238414289740116e-02 3.068727120954501536e-02 4.207921513451715750e-02 1.030018156616897412e-01 1.793285891718901862e-02 3.421294841834132683e-02 1.793836622776367323e-02 3.047537010135286523e-02 2.645922791788310469e-02 6.923293562995552763e-02 3.037767449119970625e-02 4.077629070038868431e-02 6.210766946049950388e-02 1.840024835550828353e-02 3.824935033210730140e-02 2.383013812007602622e-02 2.774459852555875503e-02 8.709414948252715283e-02 5.951355672957971826e-02 2.156443087013273918e-02 2.788330534300634614e-02 3.365234402879577202e-02 5.273982772853856582e-02
1.711863227810235880e-02 2.074853812152643515e-02 2.872703241600843907e-02 1.659857258196977339e-02 3.283422246913449832e-02 3.819114581948892390e-02 1.437147098196702409e-02 1.138233427576599253e-02 3.013228641940771807e-02 1.056999566018259132e-02 2.159028000874589973e-02 2.280210131274564359e-02 3.117098379081362225e-02 1.805504282925128601e-02 2.074587584401677010e-02 4.345334813439800659e-01 1.854077512892753077e-02 1.954528181039554002e-02 2.662886875653776644e-02 2.780684707061219924e-02 2.626280162658259365e-02 3.857911076234663700e-02 1.493413445916367925e-02 1.179517743200225212e-02 1.553662215815231756e-02 3.079838464217243832e-02
1.482359465678237918e-02 9.902086434075976773e-02 2.101325041574285749e-02 2.593624097973219397e-02 4.958957801832990925e-02 4.836734024342609350e-02 9.328384108780524153e-02 1.267779839140577292e-02 5.952975210262254069e-02 1.163954109488317575e-02 1.552387899032655304e-02 5.840291358976158059e-02 7.552998318000703204e-02 3.862137042827074734e-02 2.011334338118113754e-02 2.103802438800005808e-02 4.627073027806231226e-02 4.820178836767569780e-02 2.052035146425360349e-02 1.552823900044210566e-02 5.966807450242625488e-02 3.591358449068099423e-02 1.885213192178020539e-02 3.213215870675188712e-02 3.438458440921462328e-02 2.341704156967518852e-02
4.454894432737609850e-02 6.044961625781935556e-03 1.443821120427919887e-02 8.408458505804557170e-02 1.641023246282626025e-02 1.300045173224517389e-02 3.226432738109118875e-02 1.165075677721634506e-02 5.378884162353068932e-02 2.894803187776271575e-02 3.135601710383858348e-02 1.806364581243065023e-02 3.802458492883312863e-02 2.260203022488377692e-02 2.639130922848305014e-02 6.300785931136639040e-02 1.312003864565430312e-02 7.818364786039415371e-03 2.409737399259758925e-02 7.619961542164177537e-02 2.265342265557074575e-01 1.010602956880644540e-02 1.022082153978868223e-02 2.654241360895158788e-02 4.435434446776448381e-02 5.638198073305766139e-02
1.386486182230948355e-02 2.961696823397943698e-02 2.300752642316055904e-02 2.219896430450917293e-02 4.761694658389307999e-02 2.076123787918162170e-02 7.809208058538065489e-02 1.492024022686690848e-02 1.568997669938360442e-02 1.646146343127581277e-02 7.531938582714539643e-02 1.766223744123898015e-02 3.638834133474166954e-02 3.451026301819994091e-02 4.536583811698263746e-02 2.306820192801804781e-02 2.043836746890765818e-02 1.109639807864384528e-02 5.869381751611302267e-02 6.555289736379832366e-02 1.310864931785075127e-01 7.711178762718066959e-02 2.163167731229672514e-02 1.677824924863957276e-02 2.891598817918987485e-02 5.414979017045572218e-02
1.769871137106370992e-02 4.444892725052720234e-02 2.453668801162879609e-02 3.300935938282163751e-02 3.390568873762396518e-02 4.404416522507575288e-02 1.024463786919070640e-01 2.009120300795678646e-02 3.243089196490257786e-02 1.615561208253674108e-02 2.167222604577824854e-02 1.986934893216412909e-02 3.464455239952502624e-02 3.486759957205027433e-02 2.111424140387247600e-02 2.029826490826720786e-02 2.972146458088737592e-02 7.836014905892250970e-02 2.582572944618100400e-02 5.278506770206243398e-02 6.189247791444975333e-02 3.740453115939714607e-02 2.286063501822578614e-02 2.988688882411498840e-02 1.437643402402447555e-02 1.256527632840329090e-01
2.138981787772059606e-02 4.188173614019877200e-02 1.221496914171386720e-02 2.774379387349356491e-02 1.819840768095072267e-02 3.554142983781292953e-02 2.380822098814865673e-01 1.579869488172600325e-02 3.764549735679004888e-02 1.798049315994562983e-02 4.451462458274143413e-02 2.512952640180986241e-02 2.487251161539849598e-02 1.976239558807442454e-02 2.443761682708633573e-02 1.491724772809665568e-02 3.301124943553132574e-02 1.605921827451544173e-02 3.732670802719362246e-02 4.903156698250786538e-02 6.478430238136391461e-02 4.579648457300145026e-02 1.766796587139864150e-02 2.761428242154996202e-02 2.720628697817599473e-02 6.139096247971580211e-02
1.393876223555580787e-02 2.141493536133956196e-02 3.003404950664431347e-02 1.235229653012897937e-02 6.717741011914993288e-02 1.915311409572687321e-02 5.379092377993190122e-02 1.207436427666701978e-02 4.232420419780502652e-02 1.510169679786304425e-02 4.562673231606370616e-02 2.987603363512586485e-02 3.270318134294886159e-02 3.631688406672256564e-02 2.664582383055515494e-02 4.451479079081389900e-02 4.159758786864969915e-02 2.704521179675255585e-02 4.539080433855756380e-02 3.296442448922683177e-02 5.497994473076840000e-02 1.866773490477372233e-01 2.553282993783624263e-02 2.052951925646173681e-02 3.105756155114711148e-02 3.117956409982022142e-02
1.214844998154330363e-02 6.991748462047078783e-02 3.049857890206693345e-02 1.751860523123251537e-02 1.859811616580904145e-02 2.515493744222379799e-02 1.831981713255098621e-01 1.837564205859376285e-02 4.584997933694374972e-02 2.180436294098039851e-02 9.153776931696252020e-03 1.928241746307925858e-02 1.066851438029279286e-01 3.335554536338138087e-02 4.788937856106263193e-03 1.394168052583224376e-02 3.190596040047179172e-02 1.646554197451694512e-01 1.907310109382991462e-02 2.258882946391874494e-02 2.530517599221653383e-02 2.867154436955588956e-02 1.500104337688173799e-02 2.145309703986256547e-02 1.285232910502733840e-02 2.822166946466853066e-02
3.649270862083801165e-02 3.929793298617346303e-02 3.960387154022611267e-02 1.635746517082134824e-02 1.663913365526289989e-02 2.384370062134561277e-02 1.426660641742414914e-01 1.190394868117950790e-02 2.140865952962162436e-02 2.694163362279402424e-02 8.538570294335426358e-02 4.644921045663632370e-02 4.110310079806669958e-02 3.264741598862579836e-02 3.192597823822593273e-02 6.197424608949830827e-02 2.576415026102753594e-02 1.764793727380475907e-02 2.231113674858937329e-02 7.726292306794597942e-02 4.097274496579363795e-02 3.548217494268822436e-02 1.548406362940880215e-02 5.365647753496177036e-02 1.380724788290492791e-02 2.297037057596352377e-02
2.457791128812228387e-02 2.755691102291576294e-02 2.701717366176277155e-02 5.340444432813390430e-02 4.439083729340041057e-02 3.108927032209339927e-02 8.793330885122095653e-02 1.291994003108444186e-02 2.670940627887065377e-02 1.114753183575464303e-02 1.657569250797574778e-01 2.120426294418721949e-02 2.298115799493016809e-02 2.372944891955705224e-02 1.420349412847173726e-02 2.571254744127052239e-02 1.261321305361046662e-02 3.189890154785793991e-02 1.572173703458159058e-02 2.221952954470374567e-02 1.570691355657122257e-01 3.763350023233923147e-02 1.277927089722882131e-02 8.265904833512667874e-03 2.021831507634416422e-02 6.124592079257570876e-02
1.797160496866291590e-02 2.203426488661324248e-02 1.872503979507943520e-02 1.683870788695326567e-02 2.842949263312240585e-02 3.541400285524918395e-02 2.540271554220133524e-02 1.171254178350811248e-02 1.884626620099435698e-02 1.083997792519785994e-02 2.157158998758863799e-02 2.155709599515421779e-02 2.182586697266998207e-02 1.884204855196333628e-02 1.560613171083169957e-02 4.761442087291599679e-01 2.050323756716429177e-02 1.687083963238842840e-02 2.637958235789801542e-02 1.565750321059247371e-02 4.425473450339828529e-02 2.621212191277389261e-02 1.480044765395986325e-02 1.324703266330038397e-02 1.898685292662137536e-02 2.132609114695312169e-02
2.467860840081053872e-02 6.503052963602989900e-02 3.618247042416841697e-02 5.511410389655316960e-02 3.676162182149576158e-02 6.083806922183371269e-02 5.558209225358173161e-02 1.120834902384043423e-02 9.435494800626763323e-02 1.749569088121043572e-02 2.315503392005214406e-02 3.673433713828912900e-02 3.718136342897018082e-02 2.484095990336466706e-02 1.793282740412668885e-02 2.770445736548861684e-02 5.258790068841847493e-02 6.113607783201343432e-02 3.373226861034547830e-02 1.729961764211261285e-02 3.575370913507773529e-02 6.812280286605744417e-02 1.637234761708040304e-02 2.142829663228870696e-02 3.294164415931562923e-02 3.582987209120701982e-02
1.284950600032588007e-02 2.171589710252829278e-02 1.698817207413552688e-02 1.726416123735296723e-02 2.241930640383221068e-02 1.772855272601580462e-02 2.475322278146481481e-02 9.304298504993896435e-03 3.278037650586764634e-02 1.295272969179859894e-02 9.087246727304777380e-03 1.784404456982042336e-02 1.315463802065747721e-02 1.539818726846396875e-02 2.810694264072697776e-02 2.640200883723961556e-02 1.431250366067752904e-02 5.477818368174850461e-01 2.058251818145357195e-02 1.809556644431867603e-02 1.382333653011692115e-02 1.833121295056191688e-02 9.526064706455781780e-03 1.494934732529822410e-02 2.013610753645250426e-02 2.371221475465088227e-02
1.945729373261349468e-02 5.094605220544467378e-02 2.156998851008893811e-02 7.098870349717587014e-02 2.190416962758756289e-02 3.891808623706442122e-02 6.634359222159712244e-02 1.825420227554695393e-02 2.353528115040916940e-02 1.574870997101730785e-02 3.261967520987458374e-02 6.181184399911000826e-02 2.168268427412164273e-02 1.958356977352548878e-02 1.357880727313153998e-02 7.170663461552218010e-02 4.955314078901189995e-02 3.367680069832613282e-02 2.662596279552120748e-02 1.455462762651811223e-02 1.444380040175509416e-01 3.449375393612318791e-02 1.416321923918965539e-02 1.728092701958979654e-02 3.905167121737614100e-02 5.751259808696202597e-02
1.261552493755933001e-02 2.022142888136568492e-02 2.476010458075001558e-02 1.606590210026438356e-02 1.180570269973099384e-01 2.995763125318326447e-02 3.470729037146683821e-02 1.703444306422128088e-02 6.688579724509156714e-03 1.466135992803047072e-02 2.527209913907725591e-02 3.661898686193482133e-02 1.904433478441557373e-02 4.030040134925479134e-02 1.280028913566807480e-01 1.228304569708178889e-01 9.998167892434751611e-03 5.886346886952353863e-02 6.195777907982534527e-02 4.246421593289814722e-02 4.691158210276524798e-02 5.364093589806396764e-03 2.385522753884676897e-02 4.188618990166299155e-02 3.315706736131061871e-02 8.703745430085013321e-03
8.705906798168997276e-03 6.095092727948112771e-02 6.284026247583648916e-02 9.724452227245553720e-03 3.190124257991348855e-02 3.485819523449640994e-02 1.508599001030958182e-02 8.087764012033069744e-03 8.455354788937444188e-02 8.624952739109325792e-03 3.342363759414072877e-02 2.494543050345526120e-02 3.149509183111658117e-02 7.532304794853088813e-03 1.882433996534091727e-02 3.085513239200045332e-02 1.327423340048499573e-02 1.224588768098837654e-01 1.411424437781539920e-01 2.987622962183525410e-02 1.960743234423337894e-02 1.530348857684594166e-01 1.045159385244596485e-02 3.619706058803810658e-03 2.093932795001031757e-02 1.318609208881361614e-02
6.295953914537051610e-02 1.054525551252660648e-01 1.359275820929507252e-02 2.642058749433598419e-02 8.719463370838384519e-02 5.965952264095103486e-02 5.211761076190900288e-02 1.049879171708900313e-02 2.663097922403645859e-02 1.289672733871053724e-02 8.373723301549149817e-03 8.302346172469271535e-02 4.767157013454118714e-02 3.422026954925651981e-02 9.211806437805836190e-03 1.325168556464481895e-01 6.084784170302140471e-02 2.817478421101944977e-02 1.300295193945201142e-02 2.266987885586787058e-02 2.484724448410356029e-02 1.372121476976053377e-02 1.456121245687783984e-02 1.013459779425534245e-02 2.847657044533180928e-02 1.112231118066905368e-02
1.813869402650153742e-02 3.441509852570802386e-02 5.444508595384416755e-02 2.038020580078172064e-02 3.193357327478462543e-02 2.311215610751070695e-02 3.308491806257606027e-02 1.366013487950941581e-02 4.479248305706732408e-02 1.518781163303994410e-02 4.727071927720672556e-02 2.568748189042906541e-02 4.480122894468830524e-02 1.851634739520410800e-02 2.193596074772392185e-02 5.281909356337061850e-02 3.524820805481996416e-02 3.032311630662915675e-02 4.488009834962004840e-02 3.492124281241652806e-02 6.343484496417163554e-02 1.661639553609800257e-01 2.282807367268085627e-02 1.200848500359532993e-02 6.179732155867440763e-02 2.821366077646566065e-02
1.359432108584470930e-02 2.210650976690207992e-02 4.008032816454414060e-02 1.251987677542670818e-02 3.011174781277955667e-02 2.676873454209454523e-02 2.556407080127092238e-02 8.695282190103839279e-03 1.553475025862609965e-02 1.023206985634294436e-02 3.893346636469533634e-02 1.402972755552209412e-02 2.004483825441327402e-02 2.132706296933533849e-02 3.408377089177317548e-02 2.278885924659125595e-02 1.700629773141360337e-02 3.663198705708587966e-01 4.411326371264071011e-02 1.925614260971775238e-02 2.746907069958562028e-02 9.806618755714158198e-02 1.794611828730183212e-02 6.337009109021136954e-03 2.008649001648494040e-02 2.698413316956795038e-02
7.076470022158647816e-03 3.320234526130454167e-02 1.943847083995579178e-02 9.946441286196879006e-03 1.930767696750508577e-02 1.659213393790996000e-02 2.146884596976543144e-02 7.767247973884676589e-03 1.824515326024699416e-02 1.029275105319792279e-02 1.359205816922728904e-02 5.213923478053005683e-03 1.388876763308397565e-02 1.386412328981596713e-02 5.781945061062316871e-01 1.432453773014895348e-02 1.024000272210810053e-02 4.013095463593834705e-02 2.531817310174373087e-02 1.478275121418784997e-02 1.738559575438747978e-02 2.422322624842110708e-02 9.756356266914444422e-03 2.988525546845280378e-02 1.398537864516597763e-02 1.187685296399332985e-02
1.592926362744073038e-02 4.477557887318524277e-02 1.843814233129462132e-02 3.323927516651544595e-02 5.071982455474702972e-02 2.995596361185759102e-02 3.371178778024821326e-02 1.355110151567170615e-02 3.903528301272889828e-02 1.673323978841420590e-02 1.705785310188806178e-02 3.082542813264105633e-02 2.517275633413499497e-02 1.900102605463203573e-02 1.554959515203139554e-02 4.363710038549566128e-02 3.651721299570004353e-02 2.890172005323947135e-01 3.816120748320895456e-02 2.070246447155340772e-02 3.224785411966370197e-02 3.906637561023749983e-02 1.317075531129678449e-02 2.053150972532489724e-02 2.934218275805017956e-02 3.391001756964300007e-02
2.618571210760261767e-02 4.142714517087830312e-02 3.460022485715593538e-02 2.135285770056589982e-02 4.182402255154210602e-02 5.602642700187904223e-02 2.818734711060534928e-02 1.119337947720051504e-02 1.506469423187017376e-01 1.614442535809396118e-02 1.980785992559108005e-02 2.287627094592562318e-02 2.765019589079189405e-02 1.676691685472301088e-02 1.329894956944564430e-02 2.659478706498626804e-02 2.518692597718429418e-02 1.377741072944758116e-01 2.066450023977956657e-02 2.678180451321786684e-02 1.041562604048079654e-01 4.369257383789457161e-02 1.122184490490631473e-02 1.523364987354798410e-02 1.596972664078401619e-02 4.473514240771266082e-02
4.447854324593068093e-02 1.419544303543616992e-01 3.292902541241644193e-02 1.051863239757689777e-01 3.548576867033685633e-02 2.555887189632586459e-02 4.803587093203908615e-02 1.337833928385002286e-02 2.578610911581403001e-02 2.424274248095824313e-02 9.756693553521133752e-03 3.872729967513346971e-02 3.573262609217643659e-02 1.883195867012172828e-02 4.584418501457550310e-02 2.246707646856729509e-02 5.187596697091251263e-02 3.265537187094032928e-02 1.828992325222419946e-02 5.485876988269124122e-02 5.648496422864308919e-02 7.982381636416242821e-03 1.366858610945694517e-02 1.405312410329112409e-02 3.622116285414517245e-02 4.551388424938176275e-02
1.100913812428964619e-02 8.632918201798052069e-03 1.927521700366810475e-02 2.826826166294557630e-02 5.228255128868568580e-01 1.753888769458835512e-02 9.143605089660413604e-03 1.073277286429340227e-02 2.159618667459912295e-02 1.285359439748652230e-02 1.744323338734959233e-02 2.459016421555558843e-02 2.679099621414092816e-02 2.117244541049754375e-02 4.632519820740308575e-02 1.706302843940243549e-02 1.565455110836383446e-02 2.432625389500241500e-02 1.125474411876152894e-02 1.611105553875902610e-02 4.571763298125514074e-02 1.434021944094634148e-02 1.048191965946734111e-02 1.870138787108670264e-02 1.213004655172555436e-02 1.602102836009685130e-02
2.669699599563875314e-02 3.544855603153517637e-02 2.323003166708279346e-02 2.616111808068143779e-02 3.245467197473989041e-02 4.361494366092905778e-02 8.375208379056864327e-02 1.899208565406215743e-02 4.033616635313549970e-02 2.679125875036442866e-02 1.880214105421192106e-02 3.261649643781957403e-02 3.877022651214797472e-02 3.320159958156530811e-02 4.191687021411648340e-02 4.220418970053543134e-02 3.984775283215338110e-02 3.911334672067161983e-02 3.067951380321646410e-02 3.922774987777413042e-02 9.897964366315271934e-02 3.882662984984158044e-02 1.991028619509746522e-02 2.233451104157910608e-02 4.989480319019607563e-02 5.619632736718294108e-02
2.194695686560629161e-02 2.874717060844021385e-02 2.831914598138973033e-02 1.812158293235312245e-02 2.930374906168173310e-02 1.917333555238462661e-01 4.674617119405915372e-02 1.717913292351051086e-02 6.255677875492934858e-02 1.448047402678544551e-02 1.632154838131490496e-02 2.149852606014232559e-02 5.843386437633274477e-02 2.701114752965227961e-02 2.474530134076698834e-02 3.449130849678650607e-02 1.733131763493442334e-02 1.764187500334133199e-02 3.560582903773672897e-02 3.709885361502310991e-02 9.006626650288436509e-02 4.570607421445908869e-02 2.333540683489222778e-02 2.061758422232564530e-02 2.319682801760393487e-02 4.776375085920158553e-02
2.102138816644700398e-02 6.744669395743771445e-02 2.288944582495196223e-02 2.441327243523817858e-02 4.581617095061609607e-02 5.028307891029161480e-02 6.096941519375829316e-02 1.477957189308926403e-02 6.594573676048745559e-02 1.466381693521219380e-02 2.930182428784673665e-02 3.642622723847750016e-02 4.297832256718021188e-02 3.304707275998646637e-02 2.221612748640543894e-02 1.548620587486074923e-02 4.766277852320646713e-02 1.398645708794833964e-01 2.693288987548427341e-02 1.735526433623908737e-02 2.221976211673095530e-02 5.661060089158834879e-02 1.949706639399765434e-02 2.356249726041144063e-02 3.547237634233257886e-02 4.313782213823904449e-02
2.894874079387520574e-02 2.016776068462167865e-02 2.014207702113868584e-02 1.330781558940018552e-02 2.233350135062183578e-02 2.168372843551433574e-02 3.447043264581042127e-02 1.315886226520229969e-02 4.091925239722720570e-02 2.171849112594817499e-02 1.800405912644471515e-02 1.647171769975694366e-02 2.276860349389182511e-02 1.493361818703892868e-02 2.331735629994229064e-02 2.365833439807017713e-01 2.525827819464683197e-02 4.441476471448825569e-02 2.776363214420728143e-02 2.715885798789836186e-02 5.123726436650852950e-02 2.215190890320881123e-02 1.636253141804631245e-02 1.510628101562695724e-02 1.580573279228085215e-01 4.355979223542370826e-02
2.599421018632265892e-02 4.844017009218333503e-02 2.516640271381822419e-02 3.740720012819626072e-02 4.270350176672889353e-02 2.557153844057909187e-02 6.963430760369215822e-02 1.707792593930364949e-02 3.614350821327595026e-02 2.156115819962455341e-02 2.922797988526204538e-02 3.457807166850656450e-02 2.163038217631697152e-02 2.864014408529130112e-02 3.661032420298971496e-02 3.215789302963806273e-02 4.163669893987215209e-02 6.362523522791928288e-02 2.911704958690316744e-02 3.255865196684067792e-02 1.152848011529924721e-01 8.723140381983314484e-02 2.009218828746544075e-02 2.254485150851553293e-02 2.965411599237465640e-02 2.571028518555395007e-02
1.283650274934810057e-02 2.380695983768331414e-02 1.917972299480289258e-02 1.632042325618962911e-02 1.992969936219730551e-02 2.123428033844698345e-02 2.639109253282467468e-02 1.138676861951236352e-02 2.809859444549490937e-02 1.290905753608513444e-02 1.188908443510144734e-02 1.987013828906850424e-02 1.708810168665169174e-02 1.601023459867003534e-02 2.698157358442010434e-02 2.262699804222218641e-02 1.519362104850689385e-02 5.218327753571833094e-01 1.965950168942205006e-02 1.858568027145130960e-02 1.706620694485449022e-02 2.713499037692902044e-02 1.260580045529970973e-02 1.601938935195157745e-02 1.721243642983685124e-02 2.813036576584558926e-02
1.460250358894612382e-02 4.331184128159413366e-02 3.339068786175343473e-02 1.354301933746453190e-02 3.151840257720138483e-02 2.080100953219629970e-02 1.717228592256443975e-01 1.378368971567392465e-02 3.556603531096683840e-02 1.169729706232928643e-02 8.139189120190412630e-02 1.660158161098228280e-02 4.296287594561014334e-02 4.121951535739316191e-02 1.362570191057907616e-02 1.500230662078720287e-02 1.495088765266692696e-02 5.316108123630969989e-02 3.304515802243983280e-02 2.462603178272784743e-02 6.889870318753571476e-02 1.165099155991233676e-01 1.745476407498143534e-02 1.734877609841329466e-02 1.882463388603761167e-02 3.443883031873791467e-02
1.821835172776707298e-02 2.902743656335992142e-02 1.694122569777336065e-02 1.321226064985451393e-02 3.861797118177451998e-02 1.956337678471218450e-02 4.211868922287266559e-02 1.317259368836449888e-02 2.118403925444676747e-02 1.752769510496026209e-02 1.519455479234585286e-02 2.475536959072647744e-02 3.317426075328155921e-02 1.515318895576442393e-02 1.251701895419096537e-02 2.912635456419652644e-02 4.882065189496955782e-01 1.230287261928725631e-02 1.486132835009298242e-02 1.196761563386308964e-02 1.038177450355346094e-02 2.713795162210564521e-02 1.327507529972707032e-02 2.137642946338801433e-02 1.540680534847563982e-02 2.557924072341976121e-02
2.718586109689099042e-02 4.642933138203639287e-02 2.164556815663318950e-02 5.580898103144012190e-02 2.413702727649938776e-02 3.525126827764205745e-02 7.197522075630290173e-02 1.193046109201300123e-02 5.224727089046262568e-02 1.781216697710494984e-02 1.200659594049503093e-02 2.681124058771869670e-02 3.452005292817582338e-02 2.638755109811074390e-02 2.090563892316529143e-02 2.196533938813044484e-01 3.149736434091852944e-02 7.293024475332382517e-02 2.741689235319871853e-02 1.739429912286851940e-02 3.518247548787065831e-02 2.766516352743474821e-02 1.366175940612153993e-02 2.624059458636815098e-02 3.274733192776271146e-02 1.055624419813679105e-02
7.354322331126984282e-03 1.620964765137390684e-02 9.898283906694962941e-03 1.345257339997468944e-02 5.671913375772105054e-03 1.036923995473298769e-02 4.426533482642577844e-02 7.435726129477617137e-03 4.549115852793264581e-02 1.210898169927835527e-02 1.019391599491040711e-02 1.035100718581788946e-02 2.694516074843084086e-02 9.919779963685098831e-03 2.893307713062252123e-02 1.075081978837986660e-02 3.317418568945690316e-02 7.782554886401708664e-03 4.589527895179661664e-03 7.467340239132289753e-03 2.299027454706799312e-02 2.540911226018553737e-02 1.009715851063827316e-02 5.793146655918137711e-01 1.487601237414105070e-02 2.494822539134603639e-02
1.799626028469536107e-02 3.178861114872654631e-02 2.196223526636585655e-02 1.681498857326406068e-02 1.527556457753385076e-02 2.429259655517486405e-02 7.026531487590752245e-02 1.751150418229364611e-02 2.207698465724230313e-02 1.673355838239343890e-02 3.170642591069155330e-02 1.614468148091354610e-02 5.014717565484434758e-02 2.173311246046207706e-02 2.775029687234733741e-02 2.121903062627958705e-02 2.698147323219625068e-02 3.972157720007089832e-02 3.576880948522090375e-02 5.328829554459696416e-02 5.403775423276645923e-02 6.643603043681242659e-02 2.319447830795812876e-02 1.682644700608455085e-02 3.188383653779670174e-02 2.284429565073607948e-01
9.200513518956197900e-03 4.271294428772587012e-03 1.690966828372540698e-02 1.422580775514739604e-02 3.504825856320067240e-02 1.408991702218189562e-02 1.370084984829961217e-02 1.161522240720699178e-02 2.062109387291769999e-02 7.449453380534586458e-03 7.659253701226644007e-02 1.796960678330606839e-02 1.756401996088663084e-02 4.835828968458385363e-02 1.753520947839524308e-02 1.870193209377596019e-02 6.732027256488337316e-03 5.456480877659879332e-03 5.773931741303962167e-02 5.247490873014385576e-02 4.040360739193346595e-01 3.513030240614814503e-02 2.043475137650431830e-02 6.728479850430353626e-03 9.151786166847499654e-03 5.826219790924604819e-02
2.145979890714518404e-02 1.416482180200761068e-02 5.210768645642337854e-02 1.059284552412190043e-02 5.875324769312349066e-02 3.106742904228876334e-02 6.646146118735393737e-02 2.114432768754978195e-02 9.775693958634328398e-03 1.336534501813430899e-02 3.506945813583276644e-02 1.885864179033434201e-02 4.450183177783685606e-02 4.168162780978023479e-02 2.151098792664157822e-02 1.111918829025123900e-01 8.893849917722899956e-03 4.773700880315748241e-02 6.112792320634443527e-02 9.535412547652130644e-02 4.245620812382786685e-02 6.008656249656058740e-02 2.173276520622694982e-02 1.253548780024942369e-02 1.279602072530637569e-02 6.557296062436179795e-02
2.669247507475111525e-02 6.309433018803642379e-02 2.733631440465802628e-02 1.753652501473349640e-02 1.972446665086234271e-02 1.786620845070223743e-02 1.787541520124165395e-01 1.921262710614945676e-02 3.745322527083518732e-02 2.530976241501640966e-02 1.794910563309481608e-02 3.444950951745475581e-02 1.215779538015589328e-01 1.267782861334864654e-02 2.185617913480207217e-02 2.408714383024070441e-02 2.607820137496255977e-02 9.908411887881237931e-03 1.727843221651061828e-02 3.724439171716623781e-02 7.219462357305557465e-02 1.521661696008612397e-02 1.029841560767267954e-02 4.159230187081638941e-02 6.759017625255550610e-02 3.702062142063181766e-02
1.283650274934810057e-02 2.380695983768331414e-02 1.917972299480289258e-02 1.632042325618962911e-02 1.992969936219730551e-02 2.123428033844698345e-02 2.639109253282467468e-02 1.138676861951236352e-02 2.809859444549490937e-02 1.290905753608513444e-02 1.188908443510144734e-02 1.987013828906850424e-02 1.708810168665169174e-02 1.601023459867003534e-02 2.698157358442010434e-02 2.262699804222218641e-02 1.519362104850689385e-02 5.218327753571833094e-01 1.965950168942205006e-02 1.858568027145130960e-02 1.706620694485449022e-02 2.713499037692902044e-02 1.260580045529970973e-02 1.601938935195157745e-02 1.721243642983685124e-02 2.813036576584558926e-02
2.981932143474853858e-02 1.997770609810829018e-02 3.619218530914856957e-02 2.528236269148325874e-02 5.046214510952024696e-02 9.846717473935963361e-02 4.650815412507838809e-02 1.418861571037042038e-02 1.100620779602456134e-01 1.829941790444346988e-02 1.800528277057765816e-02 2.594996766810661257e-02 4.633069573526423651e-02 1.666366909220462489e-02 2.780976303394089993e-02 3.504319038574021938e-02 1.306461501943958874e-02 3.092858218300362921e-02 4.190402114430898800e-02 5.206542872022835305e-02 7.940968486250710168e-02 3.381525255249011319e-02 2.170095973736384590e-02 1.528109541612520349e-02 4.809366521846759890e-02 4.467496537772495252e-02
3.015114928083789322e-02 5.974464295858078478e-02 1.971211460957284986e-02 1.426762974987327674e-02 2.533768908586027033e-02 1.986191340715993611e-02 2.775449896075173339e-01 1.729302667445958494e-02 2.491742264100116691e-02 1.546063250043539991e-02 3.620673025090030001e-02 3.029573751487493055e-02 2.619535252809350109e-02 1.964980001885418756e-02 1.613358695525716688e-02 2.577090022811680606e-02 3.587585348389992629e-02 2.045120359173191807e-02 4.180608474092602223e-02 4.740822731601663370e-02 6.400278387641680777e-02 4.048172241193178506e-02 1.513481952979932321e-02 1.465280977112221744e-02 3.267950004556117310e-02 2.896367722119890659e-02
2.338374800477135279e-02 1.977455589015751983e-02 1.201035804447744652e-02 1.656313411074050029e-02 3.441797214743821248e-02 4.178502010120258015e-02 5.535452329492797363e-02 2.364288940726979454e-02 2.268052829051188032e-02 1.895786891409717220e-02 2.397826353733580745e-02 3.338048971717735847e-02 5.174625700801293443e-02 1.021637188693239190e-01 6.661319041348881531e-02 2.677929764152211720e-02 3.292076870571512826e-02 2.513609512181948918e-02 1.501632973488657014e-02 3.265104298547043954e-02 1.127545900317238753e-01 6.484275925925898909e-02 3.141893929401318175e-02 3.884741770246512294e-02 1.013526894855779591e-02 6.304497282363423494e-02
2.890331987278083742e-02 2.440293561860746446e-02 6.293411192753450845e-03 1.598959928476432341e-02 2.401131697547461905e-02 3.550348987352391211e-02 7.605681885167767109e-02 1.584935850816480279e-02 1.109037299879835764e-01 1.334443558207860057e-02 7.222615194018618123e-02 1.766641515842914262e-02 1.208859371828244385e-02 1.390975141367830833e-02 8.551582512741561296e-03 2.436647817543620073e-02 9.067156551225724614e-03 2.784771793693777489e-02 3.329477311580091720e-02 1.749179718854253912e-02 2.420289651607542836e-01 2.235247652980292335e-02 1.383731651907022832e-02 1.546413749494594467e-02 3.573522388598966010e-02 8.281304695036689756e-02
1.359432108584470930e-02 2.210650976690207992e-02 4.008032816454414060e-02 1.251987677542670818e-02 3.011174781277955667e-02 2.676873454209454523e-02 2.556407080127092238e-02 8.695282190103839279e-03 1.553475025862609965e-02 1.023206985634294436e-02 3.893346636469533634e-02 1.402972755552209412e-02 2.004483825441327402e-02 2.132706296933533849e-02 3.408377089177317548e-02 2.278885924659125595e-02 1.700629773141360337e-02 3.663198705708587966e-01 4.411326371264071011e-02 1.925614260971775238e-02 2.746907069958562028e-02 9.806618755714158198e-02 1.794611828730183212e-02 6.337009109021136954e-03 2.008649001648494040e-02 2.698413316956795038e-02
1.768384297211561540e-02 1.412994194971726319e-02 3.386979119000967792e-02 2.172107731629144278e-02 4.958537216050083740e-02 3.254060029659840841e-02 1.838441633924859167e-02 1.133113991677520485e-02 6.061626032043904155e-02 1.054161272657263941e-02 5.300432393612838217e-02 4.229619450537923375e-02 1.185289438326501618e-02 2.149593112917213070e-02 1.467872986455511300e-02 7.918662432169081000e-02 2.178145825118802878e-02 6.252707248684809260e-02 4.957624601696271338e-02 3.039619412697699627e-02 1.623384180585250303e-01 6.501481571826228656e-02 2.163045172524372464e-02 1.582997150013205206e-02 2.136744807982294755e-02 5.661917070757876980e-02
1.516095013072139494e-02 1.771522239565567411e-02 1.788506864099045912e-02 2.203477196201637789e-02 3.452655898287189384e-02 5.576319201340366322e-02 6.017626463881049076e-02 9.643698713289780566e-03 1.715877070773385443e-02 9.084670447037552360e-03 3.746401650057934463e-02 2.452360133755226296e-02 9.254696336909352949e-02 8.524402905509803619e-02 3.881853294136064676e-03 2.687731330455869205e-01 3.262415967972596975e-02 3.483178631160420424e-02 2.262635516916826697e-02 2.423514678644772199e-02 2.322222554338451532e-03 4.298253837181081893e-02 9.760172723619514254e-03 1.271735590791366055e-02 4.810266678427415482e-03 4.150723058236671648e-02
1.797160496866291590e-02 2.203426488661324248e-02 1.872503979507943520e-02 1.683870788695326567e-02 2.842949263312240585e-02 3.541400285524918395e-02 2.540271554220133524e-02 1.171254178350811248e-02 1.884626620099435698e-02 1.083997792519785994e-02 2.157158998758863799e-02 2.155709599515421779e-02 2.182586697266998207e-02 1.884204855196333628e-02 1.560613171083169957e-02 4.761442087291599679e-01 2.050323756716429177e-02 1.687083963238842840e-02 2.637958235789801542e-02 1.565750321059247371e-02 4.425473450339828529e-02 2.621212191277389261e-02 1.480044765395986325e-02 1.324703266330038397e-02 1.898685292662137536e-02 2.132609114695312169e-02
1.305716210340691560e-02 4.114348433308090414e-02 3.397178891037364729e-02 2.851454323220657672e-02 1.983835408215264481e-02 2.248305926518543232e-02 3.313033745490192444e-02 1.732456404759478291e-02 2.426384149329731052e-02 2.654505617771990914e-02 2.027573868989557271e-02 3.448345146298062436e-02 2.514993280194489922e-02 1.277500182189388218e-02 6.363453005632083159e-02 5.094438417036396827e-02 9.960375371502795672e-02 4.804596064766426117e-02 8.215819848789987501e-02 5.304449477309782640e-02 4.426429245973298454e-02 5.003550433072126435e-02 1.858195901377025783e-02 2.931864645524007162e-02 8.243474948668115532e-02 2.497721052684447052e-02
1.822103033498975386e-02 3.527903946889611453e-02 3.759074397107873416e-02 2.406935931378939922e-02 2.998008962996145943e-02 1.762372035591848116e-02 5.990816477389323408e-02 1.141332529701910743e-02 8.589725817415427844e-02 2.124536718280038011e-02 3.035595065817595431e-02 4.940903347943722407e-02 2.101468469099463179e-02 1.384622406306129823e-02 5.742899463830387907e-02 5.654783684190136522e-02 3.769183542205188642e-02 2.617499915336036695e-02 6.335917208809550838e-02 3.037956557694774032e-02 4.071014194102418743e-02 6.570754255831696977e-02 2.020068699886641214e-02 4.601482041124969197e-02 8.037888007861807016e-02 1.955153289709380890e-02
1.536988822358791376e-02 3.700210617344151104e-02 1.985414877719197252e-02 9.982436961426095767e-03 3.594051510081019279e-02 4.888889903259069358e-02 1.962767266422174930e-02 1.214111164161927811e-02 2.794159211020690869e-01 1.071103312301646855e-02 2.802116726849408421e-02 1.715352371541961976e-02 5.735633325530639648e-02 1.438444573330201204e-02 1.124178780178021475e-02 2.419845790856396672e-02 1.938494940487790405e-02 1.831566107012842781e-02 5.391143939404644675e-02 2.993144562132331668e-02 8.782974699944000319e-02 4.305305793121581848e-02 1.345132356593914218e-02 1.314195628584072760e-02 2.062832877845916998e-02 5.906264246588794481e-02
2.113893101046200249e-02 5.684766452433799577e-02 3.241384885615443412e-02 3.301608558547363542e-02 2.161225779913551401e-02 2.612218005211328423e-02 2.837464712154931512e-02 1.486312194206363194e-02 1.029422532545830188e-01 2.254743176215489101e-02 3.074351889828748005e-02 3.451167486831920039e-02 4.509398645298313274e-02 1.494495956679040699e-02 4.400655753092919120e-02 4.676858809160211461e-02 7.268955629652593120e-02 2.530568881804743167e-02 2.988683608157103461e-02 4.559680570269405986e-02 1.000548593902254729e-01 5.739661373858462312e-02 1.566802458596430400e-02 1.690974470230509341e-02 2.061114826227881253e-02 3.993301510486395312e-02
1.495691601228903156e-02 2.795041571645685494e-02 1.296746746843286530e-02 1.567669274136525293e-02 2.785249886073874401e-02 2.102999345439965015e-02 5.519546693309291402e-02 1.223099782295265781e-02 1.630639465302358496e-02 1.426769127750229620e-02 1.716732350169403176e-02 2.742678103504748999e-02 1.741804210241568521e-02 1.640963347599613473e-02 8.622626347879015080e-03 2.056885539298222362e-02 5.238014226463696410e-01 1.384238404897487375e-02 1.695605001074923859e-02 1.377240174844537174e-02 1.071315382565027514e-02 2.571814279610791162e-02 1.361951153431746435e-02 1.744376613037906809e-02 1.353211307296396486e-02 2.455325738977373953e-02
1.494232937802790137e-02 7.054517535394319583e-02 2.279464168512075617e-02 2.107982523794712723e-02 1.170187592032810725e-01 1.880915597847198500e-02 5.498628949378320252e-02 1.314011206242501721e-02 5.535910897770796729e-02 2.213827369932384881e-02 2.013624381951461748e-02 3.416588920023626991e-02 6.228830997484779280e-02 3.549907424436286874e-02 1.329561753663119003e-02 3.351828015731229959e-02 9.669914929691830752e-02 2.053639397081470988e-02 4.311366391033918943e-02 4.468250222408773342e-02 5.964604105222724023e-02 2.522459781433789364e-02 1.833450079132588340e-02 2.657559196340417151e-02 2.251302999183417419e-02 3.295744298177347847e-02
1.991036424307720057e-02 3.019453331784063832e-02 1.979325770108322433e-02 2.098989215695728702e-02 2.914766088671311151e-02 2.960842637406089009e-02 2.018444821685227639e-02 1.115797849671763473e-02 1.900539477406643085e-02 1.193973085851456929e-02 1.888916314961596940e-02 2.774777428254938602e-02 3.126343632715009729e-02 2.456084658727398021e-02 2.273048224482209292e-02 4.383991367244398085e-01 3.311964554301229796e-02 2.007192986588965042e-02 2.468410923085761002e-02 1.883785080107290913e-02 3.860665814636269483e-02 2.078686427380094237e-02 1.345667370539354799e-02 1.420820509317293617e-02 1.740260590199750601e-02 2.330293109670522958e-02
1.991036424307720057e-02 3.019453331784063832e-02 1.979325770108322433e-02 2.098989215695728702e-02 2.914766088671311151e-02 2.960842637406089009e-02 2.018444821685227639e-02 1.115797849671763473e-02 1.900539477406643085e-02 1.193973085851456929e-02 1.888916314961596940e-02 2.774777428254938602e-02 3.126343632715009729e-02 2.456084658727398021e-02 2.273048224482209292e-02 4.383991367244398085e-01 3.311964554301229796e-02 2.007192986588965042e-02 2.468410923085761002e-02 1.883785080107290913e-02 3.860665814636269483e-02 2.078686427380094237e-02 1.345667370539354799e-02 1.420820509317293617e-02 1.740260590199750601e-02 2.330293109670522958e-02
1.171264867039565824e-02 5.596835138799676618e-02 2.303987142447062528e-02 4.062691050112797464e-02 1.303705617419676811e-02 5.813464611544186256e-02 8.643603042382699830e-02 1.158095731014459513e-02 6.503527994659756561e-02 2.459236439938515539e-02 6.585297742842691378e-03 3.499802335093454148e-02 2.119449929301919777e-02 1.550128970299397696e-02 2.814057368014805799e-02 5.205633511242259426e-02 1.870785576949967610e-01 6.709291159977204266e-02 1.265460889327704383e-02 1.003721840919702228e-02 3.426430881337241829e-02 4.362960622977389569e-02 1.618375117068380012e-02 3.071995861063543318e-02 3.231955190639725778e-02 1.737939143594946501e-02
2.602718160730227784e-02 6.426558979221336232e-02 2.929049135878235635e-02 2.757212585864817975e-02 4.998656376265177975e-02 4.367886203802236189e-02 9.873268226738622644e-02 1.517880993039756772e-02 2.217770086189038356e-02 2.802226949009822832e-02 2.028246546016807678e-02 2.807552852594597664e-02 3.193254115895238776e-02 1.953003884486790784e-02 4.239551987148720835e-02 5.074746989780010153e-02 3.192465479278584761e-02 8.593296805117978110e-02 2.537555635012250788e-02 1.226796186260166628e-02 6.626729446817201941e-02 5.989713186627321218e-02 1.924175194156106314e-02 1.392341923933797763e-02 4.383187745663880142e-02 4.344154324471272144e-02
1.677717319417508512e-02 1.916943707531386376e-02 2.425732524036299659e-02 1.238241354321473892e-02 1.476615099509086433e-02 2.074355717274429037e-02 3.005651134879211428e-02 1.644816670907207901e-02 1.720140946596707479e-02 1.324001240673528500e-02 1.780413156404872521e-02 1.623138398385710196e-02 3.725020435866715357e-02 2.041203307682338750e-02 2.333061235842373918e-02 1.507705305796915723e-02 1.191031364532879784e-02 2.904821756042975586e-02 2.164681162334790021e-01 2.944044462593939926e-01 2.615329479552148950e-02 2.976361129045020787e-02 1.916310866867604323e-02 1.263387173474262402e-02 1.592664368976607486e-02 2.938080057095429284e-02
1.448627882571239429e-02 5.122446041766062774e-02 1.837929712666344986e-02 4.500651088146197416e-03 3.655806685240949039e-02 6.421089084857938001e-02 8.722030803150616907e-02 2.117678621583650098e-02 3.624016634723315616e-02 7.060765869261055594e-03 1.533919984388791916e-02 3.683196754751405511e-02 1.635580613680011064e-01 4.085974784852376002e-02 2.551232327879282384e-03 1.094776031190316384e-02 1.295927654175277506e-02 1.559981163349949754e-02 7.866015644872387247e-02 7.669617912582396557e-02 3.757671423765341495e-02 6.500021076736968439e-02 4.483339994432769537e-02 1.739022976281017971e-02 1.159691994070434495e-02 2.854146072661669850e-02
