1.965483297748014599e-02 3.928054103056172197e-02 3.833817565428915275e-02 3.387768267339961309e-02 4.567709356819358441e-02 2.411479940019356505e-02 4.207078775420795835e-02 3.301891630693103846e-02 3.031115362022026097e-02 1.603090004169080776e-02 2.269460771401263927e-02 3.838756712668364018e-02 2.934960450117831202e-02 2.234918115068988687e-02 9.750406987432931605e-02 4.994973960020122200e-02 4.873327121376871962e-02 4.793289144184655765e-02 4.130579971880733725e-02 4.116043014877809880e-02 5.633176564174666862e-02 3.664409457996698621e-02 2.034974779093630393e-02 3.762790586064483633e-02 2.076899265019078317e-02 2.996457798977071596e-02 3.657086996928006484e-02
1.974636708519803691e-02 3.956361299010084653e-02 3.819475804986584289e-02 3.900596786692651224e-02 1.120866863925679413e-01 2.471454141056014103e-02 4.064732400513040161e-02 3.818765271358821184e-02 3.015640243848213831e-02 1.561159849230160136e-02 2.189604113366240903e-02 4.114142344294212383e-02 2.904015549002882807e-02 2.346092367443252183e-02 3.705669794561569641e-02 4.796398722199995968e-02 5.292602095949450192e-02 4.758817246214910174e-02 3.360726039020576345e-02 3.311676619395995808e-02 5.438431450664912153e-02 3.714204317995618843e-02 1.916513843637894510e-02 3.381822804395916843e-02 2.466681186134157475e-02 3.052878218944652874e-02 3.458232142305570772e-02
2.127965487515647014e-02 4.010494859617120406e-02 3.512526983103142486e-02 3.097023168243784666e-02 3.861413171314379694e-02 2.523357469794838132e-02 5.040729154323785738e-02 2.604740225495601885e-02 3.694172866877476480e-02 1.686829165344298082e-02 2.721963668176827916e-02 3.508621063071789420e-02 3.411307586823029286e-02 2.374340923803787418e-02 3.431849355932024837e-02 9.099201528750162915e-02 4.736473582437061847e-02 5.883092943758852500e-02 4.215237586431652000e-02 3.745759483481943958e-02 6.970510672929308704e-02 4.335953942895683089e-02 2.051062881184675946e-02 3.306219501631404295e-02 1.272281823571422103e-02 2.983006339577209259e-02 3.793864563913096344e-02
2.016404525804377929e-02 4.130128893559158187e-02 3.716969930276614598e-02 2.899901482784341539e-02 4.099872157867318762e-02 2.563604354119831605e-02 5.216822446613889053e-02 2.620015723462665314e-02 3.634815081565409556e-02 1.739137009123278149e-02 2.615685267299365860e-02 3.491454583225047509e-02 3.452185805460133983e-02 2.264495311034566208e-02 3.667866438003747342e-02 5.217105939901905964e-02 4.644466285018671037e-02 6.931687420390898746e-02 4.591752388541685270e-02 4.187117128450989351e-02 6.737035232728540157e-02 4.652590608400701544e-02 2.140616371027153839e-02 3.437467955071032283e-02 1.316950285186154618e-02 3.090659646196416976e-02 4.923191728886124052e-02
2.062906559043362065e-02 4.006630404835861969e-02 4.951507556595904913e-02 2.938467383256756008e-02 4.193699206301257365e-02 3.074534946038247341e-02 4.205484941841584196e-02 2.969088518540312707e-02 3.575888269578946649e-02 1.607800112740058809e-02 2.490497767128557055e-02 3.811119401387268874e-02 3.594433674578959709e-02 2.457805393911378575e-02 3.492071684954160121e-02 4.866631671317894758e-02 4.210662403495998157e-02 6.346372720866823303e-02 4.542291152154714212e-02 4.099146166560233701e-02 7.389653777145133162e-02 5.103034033361349836e-02 2.058436245151585783e-02 3.011073711582579887e-02 1.616445580924479736e-02 3.137971541651605328e-02 4.186345175055002088e-02
1.953935144044875380e-02 3.935303304347328307e-02 3.550020965512034471e-02 3.531632250622814689e-02 4.304915018586706610e-02 2.425058040987969343e-02 4.197315740657153044e-02 3.341765106536389446e-02 3.132133460509270440e-02 1.576462256832288425e-02 2.258276530375744745e-02 3.630598208323981835e-02 2.930758244945697380e-02 2.287452056099070416e-02 3.848201145903312054e-02 4.875623050592983038e-02 1.313133709532424420e-01 4.925816923440900358e-02 3.548016431513158903e-02 3.456766699612584537e-02 5.615603477405037292e-02 3.690849357766355643e-02 1.940022986257821866e-02 3.411197887949804497e-02 2.009434771736906891e-02 2.978505379969946520e-02 3.512998464145636324e-02
1.916701837901652050e-02 3.945985335686105766e-02 3.232897603894919342e-02 2.960181260911244616e-02 3.910731563790378895e-02 2.306599305911223585e-02 4.851866494985038192e-02 2.475645377752673515e-02 3.555053139783381083e-02 1.683871000302390036e-02 2.392784143682406134e-02 3.231888244389818227e-02 3.137254254239987827e-02 2.190703617827604102e-02 3.579076083593078078e-02 5.379771332451971366e-02 4.726840910128447815e-02 1.372856928349737993e-01 3.981635929733813584e-02 3.720841546901298286e-02 5.640739433692511240e-02 4.216456013908002204e-02 1.976371055005818680e-02 3.285128234672914788e-02 1.261500648108707621e-02 2.915694980779059628e-02 3.795211366468177749e-02
1.968856206897834360e-02 3.812503744461798877e-02 4.192722148226334794e-02 3.316343167908508693e-02 3.841086899631326879e-02 2.647399640857201961e-02 4.804809349244436312e-02 3.055213879236802835e-02 3.687681884157225504e-02 1.707151706667205115e-02 2.462139817035033720e-02 3.893076319115211514e-02 3.334016470240729058e-02 2.449974779919374471e-02 3.267346973096182244e-02 5.352059375375104594e-02 4.862151053359062974e-02 6.407067861863299796e-02 4.113777591122520783e-02 3.573416580035822243e-02 6.410650329342811038e-02 6.980581649174871783e-02 2.044581445173793491e-02 3.113057119672713383e-02 1.716237447151653175e-02 3.152808480081739639e-02 3.833288080951373356e-02
1.933176349892711671e-02 3.857608536022085616e-02 5.141366089691976060e-02 2.317776705430503806e-02 3.810174679909760637e-02 3.130966911830332378e-02 4.702892823418372559e-02 2.496352698616209273e-02 3.553366750358869647e-02 1.568166017234353532e-02 2.714841745299010137e-02 3.571947136391086935e-02 3.956163487260049710e-02 2.289202881645142906e-02 2.994131802374987161e-02 4.472715584572116432e-02 3.181294577702692417e-02 7.419626576587927402e-02 5.297329517826747380e-02 4.456175461222925543e-02 8.139598403361922307e-02 5.419801059176166530e-02 2.120338949380266499e-02 2.914590129120846543e-02 1.199853955713154480e-02 2.916027280391628868e-02 4.424513889568150449e-02
2.097789017925837454e-02 4.444800740621736995e-02 4.184241935095483339e-02 4.212818931630185615e-02 4.370646977223638374e-02 2.470763074623986977e-02 4.523097877968660502e-02 4.257856847425062902e-02 3.207731205056978119e-02 1.605964835860322626e-02 2.194748065984016352e-02 4.036885632322449041e-02 3.019099594946668755e-02 2.407487150745899612e-02 4.155533225400501879e-02 5.835349479990387112e-02 5.703900495587754110e-02 5.640871761555825425e-02 3.492884446406597371e-02 3.568232026958539915e-02 5.834908049771304894e-02 3.642374068308953244e-02 2.023405957131603830e-02 3.458499648376678337e-02 2.597386469702228987e-02 3.451736207647932569e-02 3.560986275730750050e-02
1.953765904604717885e-02 4.121757930317217905e-02 4.218201498128782562e-02 2.675488083372724174e-02 3.965957460493603481e-02 2.701169654945937207e-02 4.661032374774491671e-02 2.435392119229396260e-02 3.535773330576716389e-02 1.632402600807620133e-02 2.470611207304110324e-02 3.356366739303723312e-02 3.545318443854237472e-02 2.221991362606166170e-02 3.264466163937206067e-02 5.227692189486495000e-02 3.960252566341670999e-02 1.072645106663281112e-01 4.583793835113989662e-02 4.063952919341681097e-02 6.544973844761291237e-02 4.721027928125002410e-02 2.122765734139406626e-02 2.983724132415641744e-02 1.227145503200910426e-02 2.936922432968546229e-02 4.141602973215902789e-02
2.049486937200679579e-02 4.352065662392642920e-02 4.496035883903991281e-02 4.379800338689510825e-02 4.410882412867061370e-02 2.652492881143383302e-02 4.179186356260910368e-02 4.523882282240704322e-02 3.180682551256554941e-02 1.586823670704558265e-02 2.201748440752239466e-02 4.174446450485381349e-02 3.104782088326275835e-02 2.470230427428541861e-02 3.903268227070864210e-02 5.024740609596616697e-02 5.739024363128930606e-02 4.517964010200547359e-02 3.573605802681432270e-02 3.452748234824354334e-02 6.201269317574500950e-02 4.057826454774912661e-02 1.976871732474560356e-02 3.514083551482664880e-02 2.984643769509586625e-02 3.235561883289408969e-02 4.055845659739209380e-02
1.977195864290549540e-02 4.547263534444791894e-02 4.618853145671393545e-02 4.388328500512566482e-02 4.326227950790601656e-02 2.585268492404748514e-02 4.480658295726145518e-02 3.933632316755814734e-02 3.631942891538443574e-02 1.687558080758871926e-02 2.280727827102234720e-02 3.997832354042497177e-02 3.037920475988861030e-02 2.447132095336069721e-02 3.688949473260521444e-02 4.842616148299744988e-02 5.742249973188444379e-02 4.569673350711387499e-02 3.644708114612331407e-02 3.523161205319023243e-02 6.858897003933482617e-02 4.050943723671033420e-02 2.000073786977725476e-02 3.401978794296983688e-02 2.481980489024598543e-02 3.702374908510812357e-02 3.551851202830318827e-02
2.061322859600565535e-02 4.290544875072035969e-02 3.936764674995792829e-02 3.824551111698514666e-02 4.203925996698192058e-02 2.494636132306854090e-02 4.862627177576864940e-02 3.165712901885311958e-02 3.628442638890010119e-02 1.780658008986268220e-02 2.374620683591876016e-02 3.620664013705809925e-02 3.201215079696761306e-02 2.427685677032432113e-02 3.689327424204050937e-02 6.622046871982291416e-02 5.223059493769376810e-02 5.371409573615170546e-02 3.835154448345513833e-02 3.578426835094934699e-02 6.597347098991000747e-02 4.231010755594372813e-02 2.075956348053610914e-02 3.330957178204217023e-02 1.847912468092467383e-02 4.006917848875613669e-02 3.717101823440095015e-02
1.946116135794902224e-02 4.379960544800062805e-02 4.674680703150158045e-02 4.278508620566275761e-02 4.361417985314969964e-02 2.417819614544631374e-02 4.447875176045254508e-02 3.639022009012191083e-02 3.457479445983961674e-02 1.686865502842993872e-02 2.354993588550569061e-02 3.945852768111837716e-02 3.025154404668437338e-02 2.309033499494095656e-02 3.891077922259011945e-02 4.637001997325888858e-02 5.565734709591179524e-02 4.869376619683008639e-02 3.997597602491346352e-02 3.575507439228155226e-02 7.605139838388014217e-02 3.978192689785448044e-02 2.121528010711526066e-02 3.398580109322638099e-02 2.293364593077424490e-02 3.405351955212074927e-02 3.736766514043936283e-02
2.007581535530239200e-02 4.179129636319210694e-02 4.460346646506894303e-02 3.724562708460486121e-02 4.126064101276796792e-02 2.736661199333021918e-02 5.201141422484065885e-02 3.172742969848752620e-02 3.733417066599277467e-02 1.706737082544015557e-02 2.459372933657394747e-02 3.848014714484447596e-02 3.260883165350665636e-02 2.343539921074886886e-02 3.314398604024977602e-02 5.085806412443828056e-02 4.842207940252628989e-02 5.567032926091977640e-02 3.978055747386976398e-02 3.538042627703427701e-02 7.649159580718851992e-02 4.751772929736485657e-02 2.089782258839101986e-02 3.112350648197667602e-02 1.867156896877632255e-02 3.491878394965810400e-02 3.752159929290500850e-02
2.022628638423668371e-02 4.483936319622821437e-02 3.771279869793838641e-02 3.567040978296577569e-02 5.792427971340481652e-02 2.466875599781769360e-02 4.898943264643985246e-02 3.135373813736828941e-02 3.452060938889196795e-02 1.707265228325180809e-02 2.510256089303120400e-02 3.767850785109629758e-02 3.130357942310726949e-02 2.303717933829583023e-02 3.869010496006906191e-02 5.008990608178972431e-02 5.252274451045961523e-02 5.692700369644997094e-02 4.243749004832080701e-02 3.916533152215045943e-02 6.691601936603608358e-02 4.057349647838400658e-02 2.034245289342161839e-02 3.465246961415625188e-02 1.796542892660867724e-02 3.306445441562048948e-02 3.655294375245914107e-02
2.208681044075153435e-02 4.007426594953156229e-02 3.477823718266715575e-02 2.909522711098601680e-02 4.255636195510464209e-02 2.691575506632508386e-02 4.930921243640010165e-02 2.558307017995805829e-02 3.581967458599981391e-02 1.688272827467642706e-02 2.521396005827133274e-02 3.695818448605837220e-02 3.392395364377844696e-02 2.305249758484786970e-02 3.437472786761564675e-02 9.321194651329445247e-02 4.308241571335401365e-02 6.088315863941042017e-02 4.187511731983331598e-02 3.871787085406495910e-02 6.692753558686391491e-02 4.513541224420562770e-02 2.059300161073041729e-02 3.224041779026162735e-02 1.252979734792716848e-02 2.985240392786357722e-02 3.832625562921851414e-02
2.032648357186510671e-02 4.350477252455135085e-02 3.602579255966998489e-02 3.433867330976667770e-02 3.997764095766614956e-02 2.768809474967522458e-02 5.212079245965091367e-02 2.610092384597578058e-02 3.811342984289817215e-02 1.667790472007370933e-02 3.137651177402179387e-02 3.575264980940517229e-02 3.586003284287063442e-02 2.305770561446812347e-02 3.478553698974769931e-02 4.980999657974417155e-02 4.371138103933632640e-02 6.403470037738176468e-02 4.191609946727643116e-02 3.942086163344785815e-02 8.043970238126171846e-02 4.715361913040162778e-02 1.981939353243707472e-02 3.277920890766406609e-02 1.273796113129777897e-02 3.074104258208724266e-02 4.172908766535756570e-02
1.971704853237401384e-02 3.981110491357055248e-02 3.592903485849821554e-02 3.575489665129311101e-02 4.356862783570302627e-02 2.448822232228812026e-02 4.245012633435417404e-02 3.384223635791623608e-02 3.164157143080389284e-02 1.589836139721652331e-02 2.279099379710295553e-02 3.673767090557124998e-02 2.960367062918119532e-02 2.309545167475088659e-02 3.891983865289017075e-02 4.936972768965752767e-02 1.215370157183832539e-01 4.984230858066802244e-02 3.585651812912040576e-02 3.493409275252691570e-02 5.689999267497802132e-02 3.731840530565964931e-02 1.957498766303718968e-02 3.448163679134012144e-02 2.032290227316610118e-02 3.010100009901817836e-02 3.551255602893020613e-02
1.974628416965420671e-02 4.379225194071322685e-02 4.602973831826096679e-02 3.008490200074281570e-02 4.109216040199360070e-02 2.773960628765476805e-02 4.459720953347816319e-02 3.021615159734486467e-02 3.529102002627518275e-02 1.635000559115450461e-02 2.463692245660487057e-02 3.856978866993749505e-02 3.336506904040100613e-02 2.358316060725203916e-02 3.936319527436076687e-02 4.662611655713333469e-02 4.827982548925772999e-02 6.130623916551415642e-02 4.623625192726074640e-02 4.343355577331203116e-02 6.952968759046446179e-02 4.663770065754663241e-02 2.199486474114297277e-02 3.229597373659647691e-02 1.738579857959609079e-02 3.037033258415079359e-02 4.144618728219615078e-02
2.035935837335606235e-02 4.304273855815204941e-02 4.247601292830191499e-02 3.433164181832264183e-02 4.247212952316341272e-02 2.765653046059123737e-02 4.506108257134700673e-02 3.104626535334140819e-02 3.870749148318404498e-02 1.676722962213143472e-02 2.477698462113147454e-02 3.737107414642893560e-02 3.307814188908265313e-02 2.342759184891375288e-02 3.536787260454461040e-02 4.823596066684458089e-02 5.327416372152760093e-02 6.033003594037789075e-02 3.902894754400629967e-02 3.723866592627038397e-02 7.603774790806842876e-02 4.403162256901558408e-02 2.033543104693891906e-02 3.442381896201038988e-02 1.722912773248344229e-02 3.253334753954012504e-02 4.135898464092360033e-02
2.161512970995320762e-02 4.326335284720941171e-02 3.814708882960991809e-02 3.321820471755417004e-02 4.889508998898279418e-02 2.497126920929824620e-02 4.791833313180991760e-02 3.111682199532237250e-02 3.260917861702317816e-02 1.688552726989688696e-02 2.578469536889529609e-02 3.856900226713750462e-02 3.130978290966177774e-02 2.414999775349954692e-02 4.622884073528189114e-02 5.302709870088438693e-02 5.741630031240534116e-02 5.341640327492280099e-02 4.122843344924580905e-02 3.800731027070504420e-02 6.860060243460584795e-02 3.719919590188196235e-02 2.111219200977747235e-02 3.583171268238326962e-02 1.834546228448829044e-02 3.118153634164754287e-02 3.995143698591615417e-02
2.115339857603566048e-02 4.207142549982855612e-02 5.210178938593270498e-02 3.930352053891816161e-02 4.405884409449224715e-02 3.202184159837013350e-02 3.911454811701883111e-02 4.241102470734160745e-02 3.389773879987224847e-02 1.555290715545585081e-02 2.190565711490181575e-02 4.342057294583467203e-02 3.272743610962683403e-02 2.505824576174759191e-02 3.384220159168867953e-02 4.763331039374153059e-02 4.635456531769630711e-02 5.086653493188138947e-02 3.776465881805980696e-02 3.455339735696748987e-02 7.041468559418477546e-02 4.398169801981898636e-02 1.985433655316443460e-02 3.093741738059288190e-02 2.788943863537798190e-02 3.210403208672743536e-02 3.900477291472127100e-02
1.996885638466191701e-02 4.630569153423298029e-02 3.541328063510380819e-02 2.899303224073239774e-02 4.279878265982777624e-02 2.637787805458744958e-02 5.392456937794905258e-02 2.621747461794658729e-02 3.824565357799070836e-02 1.718869977858025755e-02 2.622307153033598057e-02 3.655700533604570868e-02 3.982410224284480688e-02 2.400193222448671407e-02 3.838335769890497545e-02 5.033393528245192622e-02 4.655259303439870239e-02 6.003481524321663265e-02 4.425729528596353962e-02 4.301218526758461558e-02 6.764353329784754398e-02 4.867221440486896311e-02 2.017391906111665190e-02 3.415179746011580419e-02 1.358869170956666060e-02 3.019401150588293253e-02 4.096162055275469338e-02
1.481794869856545641e-02 2.968760790467083605e-02 6.790826471844382817e-02 8.990166596063725590e-02 3.519823897465908930e-02 2.128159436416858508e-02 1.525346182929187763e-02 1.283813221695343232e-01 1.266376948544201998e-02 8.767286580243517299e-03 9.596383630639032311e-03 5.314147580043038221e-02 1.452620933096083165e-02 2.163688298445969396e-02 2.609747373447093149e-02 2.988312352749181167e-02 5.890339046212750285e-02 1.204809698724459803e-02 1.227074813791877161e-02 1.400799648160183132e-02 2.879256684467903712e-02 2.095633946069314774e-02 1.308678905148118014e-02 2.130322971990087841e-02 1.911718960816341795e-01 2.883332531492839232e-02 1.988291176368093063e-02
1.982897824307607720e-02 3.989107239336891347e-02 3.357820489026642347e-02 2.867763891572079268e-02 4.167985723155746142e-02 2.511353294575381298e-02 5.862737915905415209e-02 2.597242111202303916e-02 3.916652063048040033e-02 1.757846495021911717e-02 2.670293126132030834e-02 3.571992412990071530e-02 3.566385973563357403e-02 2.398814294775342484e-02 4.270826601165801650e-02 5.679454836191816930e-02 4.443757798890871774e-02 5.665917307159419603e-02 4.733109378733834499e-02 4.272575128447551884e-02 6.836459008806444748e-02 4.767179356859042177e-02 2.051461058618103336e-02 3.667050871822064018e-02 1.308535328787723342e-02 2.998058075281519533e-02 4.086722394622981785e-02
1.481794869856545641e-02 2.968760790467083605e-02 6.790826471844382817e-02 8.990166596063725590e-02 3.519823897465908930e-02 2.128159436416858508e-02 1.525346182929187763e-02 1.283813221695343232e-01 1.266376948544201998e-02 8.767286580243517299e-03 9.596383630639032311e-03 5.314147580043038221e-02 1.452620933096083165e-02 2.163688298445969396e-02 2.609747373447093149e-02 2.988312352749181167e-02 5.890339046212750285e-02 1.204809698724459803e-02 1.227074813791877161e-02 1.400799648160183132e-02 2.879256684467903712e-02 2.095633946069314774e-02 1.308678905148118014e-02 2.130322971990087841e-02 1.911718960816341795e-01 2.883332531492839232e-02 1.988291176368093063e-02
1.925335507718997641e-02 3.865924661596607803e-02 4.603829833386008374e-02 5.000355249087790055e-02 4.180230978656868102e-02 2.494203706952651672e-02 3.331022888763885553e-02 5.391493727273765496e-02 2.562715494656085322e-02 1.417088781131891663e-02 1.874505880282646350e-02 4.342478601632705076e-02 2.545830703200064465e-02 2.406079713793315977e-02 3.583426274379329646e-02 4.504716162718055972e-02 1.292231136453824425e-01 3.486711048029997317e-02 2.774036854569215602e-02 2.830653620040876964e-02 4.926105517556848834e-02 3.335906964529117974e-02 1.826579442319568522e-02 3.170699440777278305e-02 4.373183643512737473e-02 3.151961278586033061e-02 3.172612660309436644e-02
2.152544650647150379e-02 3.968578467343548272e-02 3.441956296357391587e-02 2.979253392158000280e-02 3.858488274295676645e-02 2.587904384117170609e-02 5.028900630295714963e-02 2.644068258751087336e-02 3.646834997572438036e-02 1.672302587173776431e-02 2.656964194652127256e-02 3.547906394927064638e-02 3.378870680266676113e-02 2.337086253053011556e-02 3.461174371223613849e-02 9.422396023720498726e-02 4.560758898578215481e-02 6.037760497106995500e-02 4.261538291785055971e-02 3.817931991104036443e-02 6.698882315385025488e-02 4.492357458056171760e-02 2.025849836807030666e-02 3.327165458652678320e-02 1.277604357895234001e-02 2.897654290770539792e-02 3.817266747304075974e-02
2.196247152110814699e-02 4.089400784482741247e-02 4.392827622615089189e-02 3.436312621371217374e-02 4.486935342496333606e-02 2.767436580921387584e-02 4.296714090847441464e-02 3.298599406180186683e-02 3.268423629815137010e-02 1.680551391540567249e-02 2.310697626711879712e-02 4.105672389856924315e-02 3.308559543444226231e-02 2.349286892836241133e-02 4.529230939701133635e-02 6.021377277790733451e-02 4.317735824772925279e-02 5.039467696407191194e-02 4.358077412894577340e-02 4.257357773460042349e-02 6.487819040035301688e-02 4.166566264905987443e-02 2.133214772927519154e-02 3.506169535296383560e-02 1.916503693146607429e-02 3.035110443990539711e-02 4.243704249440877901e-02
2.012952885908092862e-02 4.230692361512825711e-02 3.437178072940536011e-02 3.197889937916353897e-02 4.173514783722331867e-02 2.398301249810567276e-02 6.477402072543449185e-02 2.527977452114713725e-02 3.570478806624244328e-02 1.750507765065908300e-02 2.805481826118637681e-02 3.942758267551705470e-02 3.481857076268898843e-02 2.274752342248064288e-02 4.127802079753492559e-02 5.032136444708271844e-02 4.815355140734134398e-02 5.475682690119865886e-02 4.037709107814042159e-02 4.066988089766195025e-02 6.999550348000138644e-02 4.839607380447845386e-02 1.996732332879016733e-02 3.665305050908204687e-02 1.398595106389757987e-02 3.193318418751091292e-02 4.069472909381621761e-02
2.050742720673516539e-02 4.067678412891809203e-02 4.668574883992931968e-02 3.248149162550748037e-02 4.373237253522530010e-02 2.882589134912175860e-02 4.369155191425226625e-02 3.232646227257857108e-02 3.498129157212716278e-02 1.632159935691043784e-02 2.572453880007028251e-02 3.780492497776598293e-02 3.558351810746165217e-02 2.462166644176572508e-02 3.815036997771539123e-02 4.941962996678215397e-02 4.837918000198911106e-02 5.931962199027981247e-02 4.189545892532329369e-02 3.796260737095574767e-02 7.191647780302509729e-02 4.506800069117545410e-02 2.009277398662928302e-02 3.228860431053033608e-02 1.810772896067848123e-02 3.079926561512148428e-02 4.263501127142531322e-02
2.005387042851100934e-02 4.338795271035988249e-02 4.170639979859241259e-02 3.563460699325885633e-02 4.210368473998842009e-02 2.766209115456026019e-02 4.868299688862443020e-02 3.169897893795896315e-02 3.856642302489408231e-02 1.695049645726900631e-02 2.599055280279150004e-02 3.812399312432500353e-02 3.359430681860987866e-02 2.421142363708648701e-02 3.365824138778857055e-02 5.127880405512389578e-02 4.823074379322568606e-02 5.585628368437837998e-02 4.113251159464739043e-02 3.677553802437263930e-02 7.570047908859894870e-02 4.688151895972784283e-02 2.040733233273196723e-02 3.310062592766335049e-02 1.743682432189641238e-02 3.298573417659741297e-02 3.818758513641745678e-02
2.074623904457097504e-02 4.293382518216728311e-02 4.168696040127932434e-02 3.859185675945520783e-02 4.377099678632999369e-02 2.482145152862304249e-02 4.594156617226480971e-02 3.701557508569868621e-02 3.227273439541577388e-02 1.619101401966850651e-02 2.408580864555140075e-02 4.166524059686894238e-02 2.919206806694950307e-02 2.326270241603181632e-02 4.070915619147402048e-02 4.692285992148216567e-02 5.264050167008633291e-02 4.948152441729518347e-02 3.946373803702000332e-02 3.745452645620289678e-02 8.220388445653359355e-02 3.828310848983249720e-02 2.132722747630385815e-02 3.599106313923533529e-02 2.335706568183584103e-02 3.144452855629446125e-02 3.854277640552846579e-02
2.056426878458280164e-02 3.829770310123274679e-02 3.427534318009495956e-02 3.324337952942084395e-02 4.444481679057330631e-02 2.410089470135805614e-02 4.225185653195710073e-02 3.109126997347376117e-02 3.161476487453890316e-02 1.607764746421019852e-02 2.308870744791902477e-02 3.602286475805698690e-02 2.998593831426186324e-02 2.252514698159072820e-02 4.442211805053881274e-02 5.148683585838306764e-02 4.858982436100784535e-02 4.901878742541872919e-02 3.880199133398888611e-02 3.888579207595010273e-02 5.602260961794924832e-02 3.714289012248586652e-02 1.932279520332791725e-02 1.052896096894432726e-01 1.833629944684615071e-02 2.953752292548239566e-02 3.555832145590641369e-02
1.982334546077532678e-02 4.092962863732912959e-02 3.320630736778311387e-02 3.200543293323909744e-02 4.117595629887590286e-02 2.463848406276093403e-02 6.612161826064089087e-02 2.641281103747947570e-02 3.912554785103749405e-02 1.753603056741120242e-02 2.785781994331348183e-02 3.511113128566899222e-02 3.431676450886954333e-02 2.297599753885396640e-02 3.735917743815540121e-02 5.303320922742218307e-02 4.920034196661546289e-02 5.979493513774754299e-02 4.322936322717030322e-02 3.989040823200688812e-02 7.202526644733452110e-02 4.444672345855225915e-02 2.002960157959127532e-02 3.610988316818147109e-02 1.314621560270076879e-02 3.196116697827159486e-02 3.853683178221169181e-02
1.958991727448459660e-02 3.949335360996755057e-02 3.559779967403330775e-02 3.540509980831323816e-02 4.321015136557081193e-02 2.431757233608140834e-02 4.214771992608007389e-02 3.348820268018952440e-02 3.143050412310128411e-02 1.580370303824365011e-02 2.264945098063464446e-02 3.641407205677901077e-02 2.940364107386347209e-02 2.293550254859495763e-02 3.862137224488186582e-02 4.895965659162923589e-02 1.283371202621024498e-01 4.949623585866309156e-02 3.561518133526388880e-02 3.469461322491081828e-02 5.641917710812068693e-02 3.704205611659435599e-02 1.945120338104469604e-02 3.422862541803053243e-02 2.012063697170940121e-02 2.987353000363949379e-02 3.525390098747207407e-02
2.039908471306481688e-02 4.309395898781580303e-02 3.757758374227589820e-02 3.562695927901510934e-02 4.133458186424359554e-02 2.578321393142878060e-02 4.793523326359158676e-02 3.133110541533425802e-02 3.657191080791220156e-02 1.704191212179400824e-02 2.551950154714543312e-02 3.828695093367109892e-02 3.201010975546177140e-02 2.489550363420320322e-02 3.746019737412847883e-02 5.820580424061867764e-02 5.788428143845011226e-02 5.461635663089210724e-02 3.945915259258061386e-02 3.585231169374571147e-02 7.031424854432818949e-02 4.497434093779324737e-02 2.096505912687657291e-02 3.413912913717331160e-02 1.819412359534682694e-02 3.124676941027604987e-02 3.928061528083269527e-02
2.018596466997682470e-02 4.674738164612928654e-02 3.944174819034824281e-02 4.153026378534407925e-02 4.515566342746409750e-02 2.445520114652317487e-02 4.579257498421360900e-02 3.588255365638699790e-02 3.493219913146702882e-02 1.692093368482257970e-02 2.438703307535766349e-02 4.024209803589730988e-02 3.217071024380046412e-02 2.391225019566485185e-02 3.734973171785026941e-02 5.584659867776186476e-02 5.506962468378842623e-02 4.905039440166091003e-02 3.830636675182230722e-02 3.745250047371802976e-02 6.623557294310118693e-02 4.428614618877631942e-02 1.969916563772326421e-02 3.461993960417010519e-02 2.082976825450818734e-02 3.415424739049293529e-02 3.534336740123000808e-02
1.997567860065365894e-02 4.193355690773914457e-02 3.414636179866765292e-02 3.043116594203966116e-02 4.354302655137365363e-02 2.544569113107371036e-02 5.727815081840309519e-02 2.498404568755516544e-02 3.662076852388048559e-02 1.803427440235883319e-02 2.659790034127185523e-02 3.599097052769615473e-02 3.379251801860708865e-02 2.397695269242162280e-02 3.811980693406043230e-02 5.536796832741567448e-02 5.098812990136906975e-02 6.682257435430964676e-02 4.364669420233247693e-02 3.921882205234310942e-02 6.299361120951700588e-02 4.979867172298002576e-02 2.169321192309660307e-02 3.348287628518157449e-02 1.315313411368373465e-02 3.204184138712864310e-02 3.992159564284031292e-02
2.044597772205160313e-02 4.071074052722953307e-02 3.695981060229116405e-02 3.721892192661362120e-02 4.275904131317021656e-02 2.622277731024414554e-02 4.852053204968555938e-02 3.123302054731157823e-02 3.782882674355220881e-02 1.707929487169773317e-02 2.759032758165612734e-02 4.057699434946768213e-02 3.312636539682888709e-02 2.822517680344630367e-02 3.973287201076495384e-02 5.788085852756658795e-02 5.232011649972010542e-02 5.052088759299189907e-02 4.110786476865467554e-02 3.901193333904603294e-02 6.659484614896746257e-02 4.158104216146801119e-02 2.080283583008436799e-02 3.459238237707260022e-02 1.709832237694267065e-02 3.131366846004540738e-02 3.894456216142887228e-02
1.998732343932213551e-02 4.627667044878679137e-02 3.396476704428733062e-02 3.220208404349143155e-02 4.346225528746064382e-02 2.640176056263552479e-02 5.193969127601736485e-02 2.936248470114340148e-02 3.967902873543484310e-02 1.721002655729712491e-02 2.517259014904574613e-02 3.626113982338509401e-02 3.317483120876318914e-02 2.368764609950872041e-02 3.800689687146359408e-02 5.179748061721155261e-02 5.359037488836891627e-02 5.878405350226565546e-02 4.242402473850652445e-02 4.075236718945358244e-02 7.291467227023576414e-02 4.333211863290364202e-02 2.002488039179842194e-02 3.485667540292025635e-02 1.562876851707311471e-02 3.048726896335111555e-02 3.861811863786855648e-02
1.971038286471136353e-02 3.603910154722834297e-02 3.446940775555834557e-02 3.296707518574952533e-02 5.039040871995982551e-02 2.364983900813626486e-02 3.952181952772067242e-02 3.140968947860919847e-02 2.979992970166103761e-02 1.569549671997497869e-02 2.157627600714708341e-02 3.701004765318559320e-02 2.937475417820440207e-02 2.189820392170258381e-02 1.138800050093956712e-01 5.473878148576268726e-02 4.596612531208708885e-02 4.372806658939102503e-02 4.115060377414735127e-02 4.373378958909180519e-02 5.358970721027087741e-02 3.600153742454365730e-02 1.899433620000424636e-02 4.119030829558254642e-02 1.959858630162465698e-02 2.919064967643081321e-02 3.472507086211828325e-02
1.695379679220954117e-02 3.364862879270617835e-02 5.247771833134886460e-02 6.183265962369106916e-02 3.778087289559851902e-02 2.288348643503061719e-02 2.335189681774034465e-02 1.926511938054700779e-01 1.859704864088245618e-02 1.138217524220075730e-02 1.384314899699288191e-02 4.584244741074192109e-02 1.964929868740594374e-02 2.259280539600548934e-02 3.055581191007433056e-02 3.675808490566758596e-02 5.543499489581393130e-02 2.168262230593009932e-02 1.918750634327638996e-02 2.053290596776942076e-02 3.804373522965082827e-02 2.673768649996919461e-02 1.560560547270452118e-02 2.617085866386367754e-02 8.071359325165278209e-02 2.966483273204315041e-02 2.542458395355932238e-02
1.971164403414319560e-02 4.022491333757639842e-02 3.480211231479436035e-02 2.750597760092406835e-02 4.361920048578601244e-02 2.492921396293952541e-02 4.637467870118271857e-02 2.530785317740848542e-02 3.468443882322178734e-02 1.682935209765414747e-02 2.513866867387284237e-02 3.431681573234190985e-02 3.402373099742314611e-02 2.191060054954530045e-02 4.225646424387059785e-02 5.003744466577383226e-02 4.295068786229341851e-02 5.897864626918702946e-02 6.676316173022769918e-02 6.687540139611405920e-02 6.147414930663190613e-02 4.354583404768909427e-02 2.029834724311611535e-02 3.584735552099409250e-02 1.298028049721388147e-02 2.910034382911303938e-02 3.951268289896143343e-02
1.481794869856545641e-02 2.968760790467083605e-02 6.790826471844382817e-02 8.990166596063725590e-02 3.519823897465908930e-02 2.128159436416858508e-02 1.525346182929187763e-02 1.283813221695343232e-01 1.266376948544201998e-02 8.767286580243517299e-03 9.596383630639032311e-03 5.314147580043038221e-02 1.452620933096083165e-02 2.163688298445969396e-02 2.609747373447093149e-02 2.988312352749181167e-02 5.890339046212750285e-02 1.204809698724459803e-02 1.227074813791877161e-02 1.400799648160183132e-02 2.879256684467903712e-02 2.095633946069314774e-02 1.308678905148118014e-02 2.130322971990087841e-02 1.911718960816341795e-01 2.883332531492839232e-02 1.988291176368093063e-02
2.025710293405353843e-02 4.289861454303886545e-02 4.147155681943454769e-02 3.256743688832216405e-02 4.088538012307343927e-02 2.740600847770714721e-02 4.786811051918261894e-02 2.974042102020462569e-02 3.739834393608691687e-02 1.685437921951100926e-02 2.601791950739491127e-02 3.659327677725104921e-02 3.562816317057949933e-02 2.486271942315817010e-02 3.541810209624569883e-02 5.435490564258191326e-02 4.811339294627989954e-02 6.153798724314306356e-02 4.291924015513341739e-02 3.811595306995154558e-02 7.318916041373763059e-02 4.334660774889789042e-02 2.126733334414658214e-02 3.252223459414724238e-02 1.562988309507138546e-02 3.176198325692156099e-02 4.137378303474359420e-02
1.982424252780830981e-02 4.006113155605123266e-02 6.422807789636883480e-02 3.275377566328771528e-02 3.916014574492011902e-02 3.161625640331586912e-02 4.056851949074594121e-02 3.520113493241652097e-02 3.185211765412301888e-02 1.572238045408601639e-02 2.251396352055607883e-02 4.106925287696439747e-02 3.438414769233708035e-02 2.389268513348367928e-02 2.884322062003039436e-02 4.641864252320941631e-02 3.816917521598162805e-02 6.265450895804440534e-02 4.353138221171153066e-02 3.734264037560929006e-02 6.794855293710669319e-02 5.722856563573414101e-02 2.228429173371533970e-02 2.616190044440544829e-02 2.262045406087063310e-02 3.266668966967153920e-02 4.128214406744474402e-02
2.031909882235297810e-02 4.436569157691989951e-02 3.813514518247808349e-02 3.777563898855962332e-02 4.028677954626486840e-02 2.709012487275522588e-02 4.940790753602134627e-02 3.405248850495815049e-02 3.618666500695193189e-02 1.702937039236229397e-02 2.435909145923361926e-02 3.966518489455016921e-02 3.052673179558023850e-02 2.379581842066813557e-02 3.843544652125956834e-02 5.161163731963200330e-02 6.228876271872706843e-02 5.402217362946214185e-02 3.704849971515879886e-02 3.545564242005336958e-02 6.574018542623613626e-02 4.803225793565719243e-02 2.066895274319593967e-02 3.311800092652019550e-02 2.059191421186979190e-02 3.261768618254601987e-02 3.737310325002513728e-02
1.932721234896140131e-02 4.169103401954351446e-02 3.587402022399676510e-02 3.235778685534319854e-02 3.911816742327692276e-02 2.328406441637587490e-02 5.439573006476772915e-02 2.445401974710269266e-02 4.385570153195202797e-02 1.850784264301775367e-02 2.515135902843778151e-02 3.238940155224040440e-02 3.468027468803466795e-02 2.213781325889955728e-02 3.315161513090145173e-02 5.553190582317783092e-02 5.024049512599954720e-02 7.300155962828129563e-02 4.861339470977451421e-02 3.923297334473163644e-02 6.714666255032746001e-02 5.000143546105789705e-02 2.112656779404057522e-02 3.164505527459267331e-02 1.257747550987392722e-02 3.387197191300324317e-02 3.663445993228772735e-02
2.023819310393286733e-02 3.849272749675824307e-02 4.202429969988273617e-02 2.747690835675013071e-02 7.212993436149739424e-02 2.853583063048339974e-02 3.996309664797524641e-02 2.738536520663606769e-02 3.301666986464246029e-02 1.569626514490161592e-02 2.363173066264408553e-02 3.688311797543908366e-02 3.545315226134090197e-02 2.261085196925527452e-02 4.473859588043852670e-02 5.358919265973158264e-02 3.727505022350115216e-02 5.672706139071332504e-02 4.664210359885657964e-02 4.605889456541967936e-02 6.592020166250922575e-02 4.701139147051127537e-02 1.971427746721840166e-02 3.561274040643404998e-02 1.495202737973449526e-02 2.923368511033914985e-02 3.898663480245292967e-02
2.011862655214554166e-02 4.224141823076959373e-02 3.929220339344529495e-02 3.827632768411280001e-02 4.068069813409293939e-02 2.619627321096022060e-02 4.688974167975715202e-02 3.526748886255634541e-02 3.928931173862716675e-02 1.711214152461870003e-02 2.325641127810434278e-02 3.870966596027605039e-02 3.058489210159263602e-02 2.459950959853338462e-02 3.724181582435261151e-02 5.571248972389091642e-02 5.911916729258280545e-02 5.472818942071933784e-02 3.758998985178461233e-02 3.644062283380218592e-02 6.388154911501554845e-02 4.591993976587178256e-02 2.092428043707111537e-02 3.297400922603361401e-02 2.226887399978079787e-02 3.334483733847182912e-02 3.733952522103059501e-02
1.959539323730924779e-02 3.911581616483874452e-02 3.848987728060657143e-02 3.451087887618794342e-02 4.230114268859599957e-02 2.524736217786230363e-02 5.023157976620885867e-02 3.101555092396490396e-02 3.698105240462119803e-02 1.707933723381438104e-02 2.550023571573833969e-02 3.750901692384649849e-02 3.328776481879773541e-02 2.506259273870507787e-02 4.007616630841299293e-02 5.742197582572707709e-02 4.815546743141427971e-02 6.188033400518679061e-02 4.325033446406235244e-02 3.882357216585358151e-02 6.665141122917035699e-02 4.507201820257335234e-02 2.023605645607265760e-02 3.576908224477677589e-02 1.660789038834331252e-02 3.283145436443089815e-02 3.729663596287792482e-02
1.950678746572295091e-02 3.929031987761198025e-02 3.479750025760274673e-02 3.441572964985382954e-02 4.259941318631355056e-02 2.413941677910693556e-02 4.249781500232899939e-02 3.228308775652131285e-02 3.165615239536583025e-02 1.583755014788174043e-02 2.280698321848124641e-02 3.577939730216649072e-02 2.950443998788922911e-02 2.273561666956717617e-02 3.832094925427944471e-02 4.886940892526920460e-02 1.328716262948511639e-01 5.023386482950823601e-02 3.596493532850849467e-02 3.493291803174362192e-02 5.647085019346509416e-02 3.705298320386125888e-02 1.936985864381838077e-02 3.418295764429048894e-02 1.901690905132940451e-02 2.959141871594979725e-02 3.527111018671148096e-02
2.061873081621031292e-02 4.231890863036812805e-02 4.000464883589217174e-02 3.473613730902744279e-02 4.219297542835272197e-02 2.812088193881966472e-02 4.905004010964447020e-02 3.167727289492974080e-02 3.656982226738313829e-02 1.742151386562090787e-02 2.466856626960934121e-02 3.740021034697395969e-02 3.475847376559084573e-02 2.459147756038614074e-02 3.796737042682888502e-02 5.165612687472137532e-02 4.854742230207668291e-02 5.577741489995466373e-02 4.119199788097577947e-02 3.862709463449620628e-02 6.803288094998477531e-02 4.992843642150503192e-02 2.117546391863965941e-02 3.430729004697256890e-02 1.717138267558278655e-02 3.163065981501204244e-02 3.985679911444043461e-02
2.069220909608436576e-02 4.989932424947549072e-02 3.494761066450056269e-02 4.952296644276518722e-02 4.542703846866846112e-02 2.479620371064456680e-02 4.838666873151931114e-02 2.927836807332285379e-02 3.482623572606603768e-02 1.706403032626351360e-02 2.716428447911671540e-02 3.845635868822479958e-02 3.169363297911222122e-02 2.334319660295523444e-02 3.800694747409519986e-02 5.061223764844547529e-02 5.143965363382706907e-02 5.522245817517344030e-02 3.797910161670226686e-02 3.659137085915220577e-02 7.348682866867135843e-02 3.767015121480646322e-02 1.996516072162120292e-02 3.461375054063615953e-02 1.647639075616144644e-02 3.455626719715911704e-02 3.788155325482948921e-02
2.025452746029505688e-02 4.622374191632230844e-02 3.829207135720832239e-02 3.306350403816082917e-02 4.255479121869527870e-02 2.688117909391794791e-02 5.100742526435922408e-02 2.965429948649922140e-02 3.794892067250184992e-02 1.716151548993811310e-02 2.460145587687347785e-02 3.762090605874891802e-02 3.829779039737802454e-02 2.473844019111557518e-02 3.852198125106905818e-02 5.300795178138933972e-02 5.038232638501058402e-02 5.747866943183324584e-02 4.034690799724566929e-02 3.868790944063340426e-02 6.711245669836100880e-02 4.409828059412618240e-02 2.065848168115526698e-02 3.321486569748892392e-02 1.684135414766882097e-02 3.092626966537420641e-02 4.042197670663014164e-02
2.055626827015561570e-02 4.347864006746186838e-02 4.633058427630127457e-02 3.543786316485400545e-02 4.614547672734585493e-02 2.790066646826291907e-02 4.486660949289881378e-02 3.225729039349111565e-02 3.189331187791388106e-02 1.617677232410346180e-02 2.597789873563273802e-02 4.365809415926211190e-02 3.524516404736563469e-02 2.769635237926741309e-02 3.577922854930713770e-02 5.367955335102306963e-02 4.676260841937085466e-02 5.464440465464559527e-02 3.780164457550816426e-02 3.630880920490948266e-02 6.662615033519900254e-02 4.374070317064131935e-02 2.144452300731500977e-02 3.134232318755424823e-02 2.042570069006245659e-02 3.165076555584374340e-02 4.217259291430316970e-02
