6.649965131671889407e-02 1.423447007199583737e-05 1.054994604724859614e-04 7.890924712069176145e-05 8.935071050892680003e-08 2.634101996178870968e-03 5.933729303901361324e-04 6.036059690155546378e-06 6.314375378290048024e-01 2.064129848270910596e-03 5.382865929123680903e-04 6.046893402142335724e-04 4.281566085921284731e-04 4.145642831351393950e-05 2.768400011378147410e-03 4.072214713252753950e-04 4.200593267739309643e-05 1.801667537829010129e-03 4.001689255200565032e-05 4.919565268265279800e-06 2.556722598581003258e-01 3.350284750633946568e-02 1.366864941754814455e-04 5.248173790954153573e-11 4.844152097567533378e-04 9.340798945459865329e-05
1.207613249431648906e-03 2.102993302659183789e-03 6.224228411130950933e-01 2.002276231627294118e-05 2.692941230423125045e-04 4.689297580946298269e-03 1.096465250401819184e-02 1.577322692295897604e-05 1.100805712839695097e-02 1.054726856141576441e-03 2.432251093624917399e-02 3.140491975231850382e-04 2.361041577184254392e-02 1.329867722010884962e-02 6.334768737123555940e-03 2.478047598237946025e-05 2.952054326624730177e-02 9.912186622640374557e-05 1.787645246585246720e-04 8.311253215132413228e-07 4.053341509540836843e-03 2.306394022853488768e-01 6.075055524418994011e-05 5.168592087306152580e-10 3.794153234290253626e-03 9.992616930462733943e-03
5.122953616195443407e-05 1.334666798495039760e-04 2.598076964600558674e-06 9.266771646904701717e-03 1.210581920416057880e-05 1.302509270456044002e-05 2.490058015171215701e-03 1.495264287772368110e-04 1.739522294636927126e-03 1.588095884270839366e-03 1.325597661553643697e-02 5.908976970196257780e-04 1.210926594587870622e-02 1.582333190504533376e-03 4.804436916613867418e-04 8.821127583587503596e-01 2.114975060077378243e-03 4.270234501964223581e-04 2.475599201898785111e-04 2.354919395038849745e-03 1.288086945607750701e-02 2.199714111590118232e-02 9.448616139371899397e-03 4.433861647222149973e-06 2.481313547554188023e-02 1.332511519612082130e-04
4.840653614366200483e-04 2.133419963867612124e-01 7.182385949228420649e-07 8.952945783185187623e-04 1.729997028641146357e-05 3.469263311003269457e-01 1.754348095122442233e-03 1.107937834711084409e-06 6.425868019525850239e-02 1.174116405174879201e-05 2.944135106114729051e-03 3.401575174018649922e-02 1.605510881691482039e-01 1.726555514836076825e-03 2.297987583093981010e-04 2.769972780377709031e-06 1.645414648723330861e-02 1.197746163088290940e-04 4.695359306784442979e-03 1.759102790769738120e-03 1.329633979514627529e-01 1.679465052090613544e-02 3.168726916231177291e-05 2.747622102326483075e-11 2.539708175688980113e-06 1.765903235311897486e-05
4.265011439941406024e-02 1.077664329340719939e-03 8.900453377416308936e-04 9.202728069115559059e-03 1.313634555587842815e-04 9.086544819982196944e-03 8.743817486723559976e-03 7.506854504941881364e-05 2.133068489463988901e-02 1.393753514376256351e-02 3.831713634035773149e-03 3.087333380771549105e-02 1.444802952355803312e-02 5.127320991270543395e-04 2.558827608518394591e-04 2.605713147099355653e-03 1.090906540884763708e-02 1.302365038757695610e-03 2.401465244272427569e-03 2.738736399370929851e-03 8.141838626344425345e-01 3.188436474286625820e-03 1.145999082465403189e-04 1.953796650425324380e-05 4.067866348596454497e-03 1.421093122958960947e-03
2.456365419761527692e-10 2.244578705634725838e-04 7.924613627082055131e-11 5.601389948213078340e-09 5.814305042544164714e-07 6.064199164658534166e-08 2.653474689348173099e-01 4.929518425902134826e-10 2.015187662669185486e-07 3.960247807261415730e-10 2.280895796873295283e-04 7.178449172895230315e-08 1.125854645228147657e-04 7.549863025528883498e-06 1.409103585585053331e-05 6.996720788991085710e-08 4.373873073275605003e-05 1.715953809623371493e-05 1.454913664688143593e-01 5.255651081926475676e-01 5.725035082733765431e-04 6.234492006482107024e-02 2.353213688102946471e-05 1.653381580548537384e-12 9.141247241380770570e-09 6.427310149434392943e-06
1.754541434455708692e-04 7.864321033987995216e-03 2.182777599245121761e-05 6.434187511221134935e-04 5.997023698950091787e-07 2.115040611272090559e-03 6.120661493642416337e-03 8.360268895745902884e-06 8.990413591201604215e-03 4.418251077418115097e-03 2.256916544381796103e-05 7.059268702001219795e-04 3.131024253320964729e-04 3.427358943829501308e-06 5.416615891228132327e-06 2.938820769039563233e-04 1.668908572904509118e-05 1.238450966187598179e-04 2.917421733606847482e-03 1.429180731499150154e-04 1.896562154728926031e-01 1.542114450707297683e-03 2.733011430009067884e-04 9.876876685002606595e-07 1.171744799842294738e-02 7.619063862961401590e-01
2.614390017966389897e-09 2.015462801012097617e-04 2.177767974498954207e-11 5.441051055896980996e-10 5.381228849533910462e-07 4.186564527686572335e-06 8.865410691954935807e-01 1.901239401441377838e-10 1.090457121245385727e-08 1.163142245627212310e-10 1.374077232563873782e-04 1.031980850024006839e-06 8.086085010518681213e-03 1.874561489763195982e-09 3.363139338540211071e-05 1.058472781187097339e-11 4.409150083205763303e-06 2.169390621135838967e-08 5.992607254787595374e-04 8.100967011310548915e-02 1.626022123631945743e-04 4.699116022486285113e-03 5.375609749685054560e-07 2.211635968800818496e-14 5.554138691067290226e-10 1.851886941871956627e-02
6.933937052785754326e-03 7.364641945421278486e-03 2.651045804495398128e-03 1.506271169057586939e-03 1.007168332859640584e-03 4.911081116550627956e-03 1.552793351026887474e-03 1.437402599023185281e-04 1.710039168994689218e-01 4.934093246046516133e-03 1.369053269962497736e-03 2.150641123464093560e-03 3.452756264028252354e-03 2.732282233633791246e-02 1.407688710882540883e-01 1.925168672352537969e-01 2.276407219671309490e-01 1.886073894563751463e-02 1.237433766270413203e-02 7.127958365386864205e-03 5.331336969612812671e-03 1.260629285135972943e-01 2.930539974402042100e-02 7.427213907042236515e-08 3.694708109848867522e-03 1.209495500655020113e-05
7.065794724939754301e-02 2.834777438701083403e-03 1.032823654196850932e-01 4.846218815268620202e-03 3.257453337628811625e-03 1.211015454639228911e-01 9.982467790181105693e-02 6.615601371908581222e-04 1.887909977375077097e-01 1.609485828129080809e-01 2.852779546667152141e-04 7.982248057356101587e-03 1.700453209104502150e-02 4.308215412354115051e-03 1.353220395376557653e-02 1.929969554012127969e-02 3.784756242682483368e-02 3.441913413898080093e-04 1.387226963598156386e-02 1.264432958419866486e-03 2.919939791165918064e-02 2.704332852743975522e-03 1.789278902760817972e-03 4.830006369619397125e-05 8.316373249575943760e-02 1.114820208743373675e-02
2.829196089212484069e-02 5.349197252490565761e-03 2.197378677729380780e-01 2.701940308682753214e-02 1.408300391310449498e-02 8.618966124473619386e-03 2.785507028600181859e-02 3.730402890656022742e-03 9.406778743509447774e-03 1.677269320711684275e-01 4.568954807431366283e-02 1.366447300873705750e-01 3.775964828226693881e-02 1.869429469493292043e-02 1.080749867345939391e-01 3.103024533094081786e-02 3.292788800793367324e-04 2.493925898568234278e-03 2.439213081813176756e-04 5.124841860972211916e-04 1.786537421872669285e-02 6.482943376062226537e-02 4.094180040563096798e-05 3.754326340561824288e-04 4.928448328969775236e-03 1.866772274657979222e-02
2.541329058034913079e-04 5.441627258479610901e-02 4.941757734657058893e-04 2.729818155610589520e-02 5.520710650938726819e-04 1.881075095571092815e-02 8.126489569119203782e-03 1.071434582527063575e-04 4.788142022049894468e-03 8.482528616763379439e-05 5.196853418877535047e-01 1.453281256674034405e-01 5.697762877893392842e-03 7.912693960803709103e-04 7.747288864963926616e-03 1.621906925912572917e-05 1.092561887023830829e-03 4.218082995566920304e-04 6.084298546484091975e-05 1.326817844014391463e-03 1.068651890851863850e-01 6.056295654276792895e-02 3.529748605279004955e-04 2.506766860357192879e-06 1.711975796704047156e-04 3.494495120900796559e-02
2.333131681740715536e-03 2.815771156087184551e-07 1.502779988468428579e-08 1.398070655131100799e-03 3.326936063518152418e-07 3.763731252448259612e-07 4.591124447777306800e-03 5.359086665726069951e-07 1.176244235680141753e-03 9.214298755550666300e-05 3.255801017131662199e-04 9.030270205311712344e-07 2.657323633849991221e-03 5.526437252713595205e-03 1.938363268485970010e-05 9.695426721060811381e-01 8.805732724664496955e-03 4.786768017746132961e-08 9.965792595144922124e-06 4.648618979690705579e-06 2.792026335576581249e-03 5.731113505378851317e-05 1.884221140903278896e-04 1.062977241785060201e-09 4.766189167094027736e-04 6.700894113121493968e-07
5.103801632411372714e-06 5.786843257801950191e-01 6.968239957458126242e-09 5.947331766523730886e-07 3.799446485453258189e-08 3.574869036859714133e-01 7.103210315146764797e-04 7.260202451241362527e-07 2.924604695259681517e-02 4.325437296018624981e-07 5.566494238045038498e-04 3.673065875212884468e-03 3.036661586217194269e-05 5.067191345588678710e-05 2.502866313227612759e-04 7.603867010598625899e-08 7.888241444595317856e-03 2.093950243757237887e-07 6.108417501270270103e-06 4.522531301234321758e-06 4.536981667573275023e-04 2.066260231483105919e-02 1.017914503360408936e-05 4.753708255062349838e-14 7.950505587782569703e-07 2.780275242547631631e-04
2.963115441279495414e-07 5.769790000002801914e-03 1.905875036748991345e-04 1.211380472916741106e-03 3.511432978008425208e-03 1.564462356888303825e-06 7.867980948685634015e-06 1.992598663440838582e-05 8.928130238796244114e-04 5.782685315187832513e-05 2.640518240165715489e-07 4.103112191103903638e-07 4.399647051507053416e-03 2.770726870750410409e-03 4.794326973622765539e-03 2.963395073064288088e-04 8.244341288631435241e-03 9.482780147039749918e-01 4.243976659994367208e-06 9.535825864351189226e-07 4.191374667136800210e-15 4.893966466045045031e-03 9.717323110564670416e-05 5.256802059843586886e-08 9.565339626035713544e-07 1.455509730966072016e-02
9.555183728222780767e-04 1.127450466811258031e-02 1.146267735519461141e-05 3.393693548672182918e-03 5.925399409168885585e-06 1.368989021192307531e-01 2.234147063848548886e-02 1.110832181339410013e-05 1.862895994114702886e-02 2.011315700602925131e-03 1.797044860537303120e-03 5.437723152684026395e-02 7.593315397629069041e-02 2.337825394172835512e-05 5.842440298670306749e-06 2.766898806545222742e-05 3.160990927308627262e-04 4.714753803227492271e-06 1.467118335608130156e-03 3.258169042534163253e-04 5.173140888356597689e-01 1.488564771104241569e-01 1.428561112225917808e-05 1.118288955867072090e-08 1.663174244482277858e-03 2.341032495401382078e-03
2.130830151911336859e-02 4.235669483853830196e-05 1.412877461370239639e-02 6.185019450114084133e-02 3.960414465942550376e-04 2.156815632992550857e-02 4.935570292324244907e-02 1.439185884641740773e-04 1.107125191922929824e-01 2.702500588179363328e-03 3.742525588659840292e-04 5.437511887205861202e-04 1.399507857641262842e-01 1.952966815207706486e-01 1.589768224127268911e-02 9.057171750649914768e-03 1.008523839642870172e-04 1.432126306839875442e-02 7.686247931970027758e-02 9.453675706587620631e-02 9.774183830804685988e-03 5.451110079704071364e-04 1.518677586621127173e-01 1.315707446184686148e-03 2.816874359986178914e-03 4.530221433101926792e-03
2.810703288881582617e-03 1.729585257988934532e-02 1.077148931289919655e-02 8.182305913660028671e-03 2.674895256982756306e-02 2.791130097579190561e-03 7.870537362563960124e-03 6.416137119350235132e-03 4.202629417444934956e-02 5.783614724425346389e-03 7.074302124426479210e-02 3.561849527446493777e-03 9.695832927686454106e-02 2.767261589776970343e-03 1.802158815204940590e-02 1.177197692688532193e-02 7.177583088584725546e-02 4.735191371283778983e-01 4.316270980202473878e-02 1.962476484046925956e-02 9.891399462933099778e-05 1.524484286401940614e-02 4.093653366781244141e-02 6.311519253352946505e-05 2.128343936631476956e-04 8.402733698098212170e-04
7.996017164073562777e-02 1.028705060423479173e-01 1.751796058935859574e-02 2.265050849469321392e-01 1.356872428937769704e-03 2.315036831161745301e-01 2.198988052164154577e-02 2.310093747428321263e-05 4.933923140034751631e-02 6.177931166635947449e-03 3.359842564431773492e-04 8.535237886030190568e-02 5.729577504512833874e-04 6.248534376356004770e-04 1.699757467911347888e-04 6.645674306991281857e-04 3.712871467825581279e-02 3.505506800478086840e-04 1.182177864401630563e-04 7.423028752092098587e-03 8.197772689384677514e-02 1.587964542130746413e-03 1.002372573090830533e-04 5.109742755651752415e-07 4.612990746380182805e-02 2.180006988920443756e-04
3.948282493718730944e-04 6.271740682487100725e-09 3.587403279024056378e-05 8.078723699776411508e-07 2.122758670885376584e-04 2.847513645665618320e-02 1.868780569643892220e-02 3.615495990243793793e-05 8.336799046861293264e-03 8.409114762498254509e-04 1.163900811184216607e-06 6.088741997901492531e-05 1.299261672208755491e-01 1.369042351790255782e-03 1.746214756981087080e-01 1.690719166296282333e-04 9.665603493249337395e-07 1.647469555669641225e-05 3.778099250443815358e-04 2.502362309896837833e-01 4.961626577540535321e-05 1.818935093126793426e-03 3.833198292103331406e-01 4.180908306998375702e-09 1.970221800533198406e-04 8.147024615046813065e-04
3.861761599408770136e-05 9.566397041597885160e-05 3.508658683483538866e-03 8.277371963767352330e-06 2.531103757458151148e-03 2.962094712476488501e-05 1.631543532370590478e-07 9.669793289243241649e-04 1.712136598560828546e-02 5.090922954884438776e-04 1.704040305171376215e-04 1.457714961610973115e-06 3.154371781303837163e-04 1.288379653300858491e-06 3.920726038238346112e-04 1.354447236655456892e-03 6.404390251574942558e-03 9.149762809658710250e-01 2.550734639542095528e-04 3.703101358263471519e-06 1.029869691938556439e-09 4.733286866760928052e-02 1.803832859205279737e-04 5.274585371167150783e-08 2.504346547906296030e-03 1.298249685525720409e-03
3.117698867170368084e-04 8.528241363672185124e-08 1.115717203393275540e-03 3.790296858683569336e-05 9.431820867064124323e-04 8.199588299185266681e-04 3.050847850773763699e-03 8.121556657321098258e-05 2.182121274770127198e-03 7.199254666790412527e-05 3.130241456176491299e-03 5.304442732574001385e-04 2.195447505526536280e-02 2.293176828725736541e-03 9.278444646692138864e-01 5.925315307609876599e-04 3.307083144575483579e-04 2.231691699821967793e-03 3.219559784163587997e-04 6.111558348223611785e-06 6.645351781270871644e-03 2.210772427908709939e-02 2.323114079271529700e-03 2.206521239716101323e-04 7.508752062814130762e-07 8.518120002278738948e-04
2.545496790315040801e-07 4.160837246570126597e-07 6.564795435816143223e-06 2.343440399306840217e-05 1.579103683127231725e-06 2.138279882323436992e-06 2.911365288557998263e-06 4.832730750714751909e-08 2.485714388443012869e-04 6.097861847486666036e-06 3.188280657086342793e-06 8.790787061156545391e-07 4.564711502458212918e-05 7.843909866002276383e-06 1.697908407143127948e-03 1.166644331429142932e-05 5.717251959111396657e-03 9.705278224322320124e-01 6.945729940556163553e-06 5.798072294674616950e-06 1.881259435883661122e-04 2.146882257941206892e-02 1.596536349558586886e-05 4.326059514762704227e-11 6.533738831759703587e-06 3.584693436007852918e-06
1.555729709326818472e-03 3.688350304515166517e-03 6.634900902089283046e-04 4.516777924220398703e-04 1.264471539468084167e-04 4.948632462593038905e-02 5.284343281585630187e-03 2.792725706924359785e-07 2.730862745187090934e-01 3.785275773655461635e-05 8.902772014846270656e-06 2.970974863621337562e-03 9.457572232460252409e-05 8.396088589914945137e-05 6.632874955748637054e-05 1.505067491398327535e-06 2.330329427430394371e-04 2.800875465151703162e-06 1.566944639061256596e-05 3.219481113240620714e-06 1.002509276686725653e-01 9.426139477845492387e-02 2.169191506034206387e-06 7.051097816376989231e-10 2.614796511246562623e-04 4.673622876915591307e-01
1.124148754002045614e-01 3.289898542331244902e-01 3.595962508634467818e-06 2.623524145909221787e-04 1.553488848594120650e-04 2.368279817502946250e-01 1.718865044154559707e-01 4.884424111863381625e-06 4.197706499590610034e-03 2.608658145382368172e-04 1.206818854082582013e-05 2.437963461914714942e-04 5.796400332355369084e-03 2.708789643608633179e-05 2.398550023718316968e-03 1.318056670751116289e-06 8.080755980192581844e-03 3.467601056054352653e-05 4.202056625131499103e-04 3.119310276573541009e-04 9.542113333502438843e-03 3.031423912845303357e-04 2.155041592656014280e-05 2.174416158113164817e-07 1.607781371943188848e-05 1.177861392798353196e-01
7.131200968592029798e-04 1.827886318911240509e-07 4.178094774375990016e-04 4.371647696632791590e-04 9.527478042397049540e-01 8.880675611564192491e-08 2.816754805352078735e-04 4.885626043398790322e-04 2.721173606900262511e-05 6.704925664791790661e-04 1.538278616943535829e-04 1.675838501546359880e-06 2.848692719984099141e-03 6.518052017105177154e-06 1.201466809556757594e-05 4.813106797367113938e-07 1.138247881241948256e-05 3.208156536908626268e-03 5.580058438923586432e-04 7.144850496053469991e-07 1.295121244352446556e-02 4.993242218858546036e-03 2.594613427581004682e-05 1.683180894943722000e-02 1.876419791459209741e-04 2.424565912646286289e-03
1.451873725118803552e-04 6.065526945041549938e-05 1.231101264909477366e-06 1.016982110439278773e-06 2.003325658313935641e-08 3.820171093234728260e-05 8.705389597253730960e-01 3.426839660970805329e-08 1.280006430762799415e-02 3.976384806882618219e-05 1.826573369127985642e-07 2.845609398044107456e-05 2.289631103124811919e-05 8.323840592055529474e-06 3.236464304551800838e-05 6.131439008893797458e-05 3.163184868588001311e-04 4.638729324288360313e-07 2.615047418895221146e-04 1.155071708255569102e-04 1.205240621150541029e-02 9.877868600068372140e-02 6.400546266477525700e-06 4.553095863287929005e-13 4.080971501166696762e-03 6.090689123479546075e-04
3.662370784835244182e-04 8.563999443567300168e-03 4.656234242681933812e-09 1.342830574240129637e-06 4.716035323383679194e-07 7.278314768779974298e-01 1.884070314893480057e-03 1.231994696694428577e-06 3.088592009396911447e-03 1.172889698148303029e-05 3.676157275733103389e-06 7.476389855971915695e-03 4.049018683788598374e-03 1.745351482008165769e-04 1.408232857452982116e-05 3.873122539220221626e-07 9.855618209210007517e-05 4.005602298793064031e-07 3.520533766072340986e-05 1.312470344030439704e-04 1.586022997566705339e-01 8.577504399852381445e-02 1.509911084485375494e-05 2.116909495819489676e-11 1.009177669703146235e-05 1.864811029285560161e-03
5.736655043311121273e-05 9.360210626935084877e-01 3.255731609326903187e-05 3.973597014308408886e-04 1.092303450727871131e-04 7.625648005998030313e-05 1.380280458697864636e-03 3.360712092837272991e-04 8.613907743712820135e-04 3.985433021253188720e-05 1.349409291557344612e-02 2.121678062606769700e-03 5.751204591697015835e-08 1.680610189006044022e-03 9.944657657415855237e-04 1.327284445898844513e-03 8.724623175632367029e-05 3.572304949499525441e-04 6.132407218470381608e-06 7.095316936476836782e-05 3.373042260838826482e-04 1.995296210514753074e-02 2.207644690339426893e-05 1.075387543864901162e-03 1.915935751818451799e-02 1.731106489863925501e-06
1.008287113357733168e-02 2.003292484362084670e-04 2.844709519162672440e-03 5.674564026593930614e-05 2.655646271436807375e-05 3.167913512573427751e-05 2.092388898478867408e-03 9.765024005647149520e-06 1.992923519124985970e-02 1.443517231732713985e-02 7.556455110608295263e-05 2.413622626252389836e-05 7.172527199348622272e-06 3.782856283893056384e-05 2.087349471555859787e-02 7.334165577934055325e-01 6.548209389759894862e-04 8.009207215847965328e-03 1.218685631008840616e-03 3.807772611824793846e-02 1.683864683561942703e-03 3.176931898713795249e-02 1.914912565732646357e-02 7.526283857820117881e-08 9.528743859044175313e-02 5.529967897937700525e-06
2.308427113091184821e-05 2.690286478073411762e-05 6.022200178722936245e-08 2.552371959225529659e-06 1.363528067147286758e-06 2.332483244672746631e-04 3.832565362261226242e-03 5.689150598508096351e-06 1.251976988663680568e-02 1.664237188026803597e-03 2.561579594359626104e-04 1.670334671745025453e-05 4.381283417995262240e-03 7.474961273782875309e-07 1.005030184159576862e-05 6.272866567352933286e-05 2.953017903502070307e-04 7.682255095572032740e-05 7.479210887758358170e-03 1.641444940658460389e-02 9.081266347261360838e-01 4.358460942514540831e-02 4.787756335060703791e-04 1.618993421380492834e-10 1.738376996353370265e-05 4.896672899789514949e-04
8.692093614901002757e-11 2.483624280363831358e-03 3.634436189821099258e-08 4.726516294963851924e-06 1.521597721577498911e-05 3.479351459660008902e-07 7.414466444510098273e-08 2.721342299895482825e-07 2.747067225973888685e-05 2.167138665985181999e-07 4.784758176669825538e-10 5.736674424663456487e-08 1.558280298261122758e-05 5.222131589328249043e-04 9.905976174116122492e-04 1.912816129427326519e-06 1.723004634787522716e-04 9.953523706039311136e-01 3.209437643551747942e-06 1.512341617468628420e-08 2.543912880412061892e-17 2.340711650221149803e-04 1.508276927202905509e-04 2.186929218308193761e-10 1.503213301814976994e-08 2.484121696129864632e-05
9.567631189091515068e-03 3.047539092655001010e-03 1.054295337218863621e-01 2.733613253121053386e-04 1.274005756129881206e-02 8.132809526722590415e-03 6.261300447552059500e-02 5.703247367064753071e-05 1.910254094776293043e-01 3.504575130823357147e-03 2.209942010914543731e-02 6.177548723708925190e-04 2.741767750610536389e-02 3.154114599113129469e-02 5.574267856113443095e-03 4.595996033897523764e-04 9.943364671824562670e-03 1.469838803820140444e-03 2.609259696791212946e-01 6.665933104814623911e-05 1.578714896623050756e-01 6.499401167566919157e-02 9.318848131158079858e-04 3.647277508547949471e-07 7.930629834898653488e-03 1.176496688757985506e-02
5.655040046072686531e-03 2.024167008060515777e-02 1.117017366507655138e-02 9.745453646268812178e-03 1.163523675108443269e-02 1.583848345681494393e-02 3.248739714871146794e-02 1.065291617755415379e-02 1.057796286614812176e-02 6.510977090674685032e-03 8.021558731065522169e-03 1.643023582234191468e-02 5.418856153000264041e-03 1.686335199285472070e-02 3.599289316853107601e-02 1.207830052130348664e-02 5.723503723535940946e-01 2.508571986530346715e-02 2.561350414736790135e-02 2.089703131603005623e-02 2.919849649745514045e-02 1.963567008806276978e-02 1.698428904687994748e-02 1.134835502051623028e-02 2.409629853028307650e-02 2.546975581639951761e-02
5.362606805295665885e-03 4.534586405210582274e-03 3.243484059839130107e-04 3.914947860121881229e-02 1.416732355019123331e-06 1.097704358086424355e-03 6.955127573817307222e-03 2.624241886327356540e-06 3.426745548634028277e-02 3.940782665805769337e-03 3.212223161488499444e-07 5.575399079534010434e-03 2.015313130832644198e-02 2.623184664159605023e-02 6.734386183598814295e-03 8.067085472548870539e-01 2.549859415069444333e-03 4.455328498478254161e-04 3.991687565030883466e-04 2.895360270135245086e-05 1.815615206795015475e-05 2.654827983021402029e-04 1.692121234142167721e-05 4.047424375732131581e-09 3.523534550521777858e-02 8.126942657543022349e-07
5.315834112154275634e-04 2.092398369935189739e-01 1.034194134240976753e-02 7.066753222723980155e-03 1.295259565473027563e-01 4.804071969169688657e-04 2.487742746658160113e-05 1.650403851986359527e-02 2.046367205073728235e-04 9.607636778408755115e-03 4.646130758089867668e-02 1.816783129633640914e-02 4.168697876509754713e-04 1.180408412157350241e-02 7.776163847904067269e-03 8.557783052207956070e-03 8.931439653455991792e-03 2.503511896890681446e-02 1.180938568951716942e-02 2.656279047011136582e-02 1.562577269639861327e-03 1.155056435729374248e-03 6.615502866705681500e-04 4.441753492834387695e-01 3.306324870038677196e-03 8.869922558558523138e-05
1.155240840702766468e-04 1.573079192532168125e-08 1.414023077804440739e-07 1.161903905419352750e-07 5.508975750514870905e-07 3.551014626589423418e-06 8.640340487752687986e-06 1.166337950645879962e-06 1.979932656370896656e-03 1.781065034993416785e-05 9.416283293013150190e-09 1.026328070613041571e-06 3.160827331656816761e-04 1.331058037711908622e-07 1.844437024897810900e-07 7.355529870402327376e-06 1.770642455117804750e-07 1.142635590811923230e-06 2.796389694275949050e-02 7.633209548479006745e-04 1.700860177505005011e-02 9.433301384229667290e-05 3.828901019729779014e-04 2.285959083030792111e-09 4.663537878121046081e-03 9.466698564857932707e-01
3.198228288972954948e-03 7.752770566927519444e-04 1.185204719436886616e-04 6.905891320067269502e-03 5.582716535570611668e-04 2.182406348689510528e-02 6.719435580973239300e-03 1.061880019627462922e-03 2.178569605624239985e-03 8.993187033311842793e-04 1.477304505987280803e-01 6.216740831031310893e-02 2.731254867779561377e-02 3.841586323067864152e-04 3.321697317522086831e-04 7.719956087016440318e-04 2.044978675693181341e-02 7.736056673237530230e-04 2.110231008938180663e-03 2.892131590705083414e-03 6.383077230189273532e-01 4.857102877249255823e-02 7.989912679762979251e-04 5.768863425553900654e-05 9.828344850889214265e-04 2.117791050077975131e-03
3.101394457432331969e-02 5.406501780142101933e-04 4.441726003643286513e-01 3.314553277130483089e-03 4.325796480603217621e-03 7.721648792186162902e-02 6.993809079850764375e-04 1.788500668573625224e-03 2.472205078577463175e-02 3.756100171321688497e-02 4.893897027496488944e-02 2.630916050167897424e-02 1.048552022329128780e-01 2.382429116779488654e-02 7.395826060433995791e-03 3.132987540339320434e-03 7.687069317997373592e-03 1.808722607602339730e-02 2.648751730361217915e-02 2.331774041593584045e-03 3.824402362515489512e-02 6.420709384869068004e-02 1.651890934450410539e-03 2.093785464443012124e-04 9.910570953901311729e-04 2.915645607064030359e-04
2.954009655599648416e-03 7.011360455956763404e-05 5.184950481672332412e-01 1.361770764500034365e-05 1.201023157518176193e-04 5.420799652318244522e-05 1.335769892829514471e-01 2.235560433247822033e-05 5.218665097050038514e-04 8.741906329115724239e-02 8.692391102910912047e-04 2.717596730669645955e-03 5.900728727283265779e-02 5.593336628885271300e-04 8.991723040462006543e-05 1.338213982458041505e-04 5.556733204306708385e-04 1.289757328269548884e-05 2.672422946155118047e-03 5.974883526910764894e-07 5.564161403980569243e-03 9.446037836478932137e-03 1.059361463509560030e-06 1.759349541184438252e-08 1.081249268285825044e-01 6.699763610698680760e-02
8.692093614901002757e-11 2.483624280363831358e-03 3.634436189821099258e-08 4.726516294963851924e-06 1.521597721577498911e-05 3.479351459660008902e-07 7.414466444510098273e-08 2.721342299895482825e-07 2.747067225973888685e-05 2.167138665985181999e-07 4.784758176669825538e-10 5.736674424663456487e-08 1.558280298261122758e-05 5.222131589328249043e-04 9.905976174116122492e-04 1.912816129427326519e-06 1.723004634787522716e-04 9.953523706039311136e-01 3.209437643551747942e-06 1.512341617468628420e-08 2.543912880412061892e-17 2.340711650221149803e-04 1.508276927202905509e-04 2.186929218308193761e-10 1.503213301814976994e-08 2.484121696129864632e-05
1.083417647432680653e-01 1.069207295284629922e-06 5.461256106844977553e-06 3.114342189128976971e-05 4.516748880946052538e-06 2.945114629220371358e-02 7.337294298715587269e-04 3.545676005497120465e-05 3.953539709810645064e-01 1.049285887762643928e-02 9.388806988254820021e-05 2.461759825364926140e-03 5.988286593963561971e-02 5.065945947149641055e-06 8.392572533644739041e-02 2.804145726350931544e-05 1.520128950398846900e-05 1.452307916463875870e-06 1.313307395806336512e-05 3.539622079700353209e-06 2.831764429259324700e-01 2.357357308347381164e-02 1.158814190823725346e-04 1.253294350959848246e-09 2.008933294224454132e-05 2.232221399011901589e-03
3.057183472535685769e-07 1.137008928783297769e-05 6.236429342482396747e-08 5.406486603707454233e-05 2.299667032805265903e-08 1.411824122866680693e-07 9.986560286171280998e-01 2.006414920285290715e-10 1.401026236302505638e-07 7.258827033734576175e-07 3.319856770409548331e-06 1.605931798811249410e-04 1.133160893441948272e-04 8.737106390342498517e-08 7.516587497669780539e-09 7.081502392008362840e-06 1.669306429733367876e-06 1.537596577683395816e-10 1.842652303253877363e-07 7.970781772265580760e-06 7.715670246456527272e-04 7.334855108271136836e-05 4.134873096930040615e-10 3.461451520641669898e-13 5.984578799311098891e-05 7.814617906894002163e-05
1.119419197404639696e-04 1.597549452267124333e-03 2.673347453365203303e-06 2.049020673366766662e-06 1.264928895030244271e-04 1.205130953041933482e-02 2.704550624883685778e-02 1.147488220691977824e-04 1.079912734321977937e-03 2.669636937764068192e-04 1.625951435813266380e-03 5.896969164852335944e-03 1.211451926692865555e-01 6.645055400908498333e-01 1.095778348641395644e-01 2.645405593818454890e-04 2.769630738811872984e-05 3.544214466000540035e-05 5.532267091415134577e-03 1.491337767920946494e-02 5.916686474821824214e-03 1.662955399404927523e-02 9.265703683378815475e-03 1.488404581456028412e-07 1.988377281614894795e-05 2.244063568418396253e-03
3.838550319815994122e-02 2.280633119646053447e-02 5.428345072966511524e-04 5.566267500711608420e-04 6.111975225096409788e-03 7.232583181198119771e-02 3.078831543540797022e-02 7.294137784773919693e-04 6.165982202087858660e-02 6.649107750850613476e-04 3.390766377601244635e-02 4.178865601963380541e-03 8.793533217227957055e-03 1.407902251300629549e-02 7.770568936304875695e-04 1.190848943904578136e-04 3.841587900823537072e-02 4.306651720935170602e-04 2.220111161410295852e-02 2.364542252478130330e-04 4.847110471239241547e-01 3.630060051856245223e-02 4.590065049617710492e-04 8.407472461758232896e-06 2.212315552983914590e-03 1.185977212122803770e-01
3.861761599408770136e-05 9.566397041597885160e-05 3.508658683483538866e-03 8.277371963767352330e-06 2.531103757458151148e-03 2.962094712476488501e-05 1.631543532370590478e-07 9.669793289243241649e-04 1.712136598560828546e-02 5.090922954884438776e-04 1.704040305171376215e-04 1.457714961610973115e-06 3.154371781303837163e-04 1.288379653300858491e-06 3.920726038238346112e-04 1.354447236655456892e-03 6.404390251574942558e-03 9.149762809658710250e-01 2.550734639542095528e-04 3.703101358263471519e-06 1.029869691938556439e-09 4.733286866760928052e-02 1.803832859205279737e-04 5.274585371167150783e-08 2.504346547906296030e-03 1.298249685525720409e-03
1.727982568383791941e-03 8.164904128504811565e-02 4.485393097784824029e-04 3.750083665314554726e-02 4.795131509599026608e-04 7.619698819272247015e-02 3.301486207392895136e-03 7.863898915197953471e-04 2.021764914728984008e-01 5.025188845079329092e-04 7.514231613155838291e-03 2.639161473972004637e-02 3.278526537951129746e-03 3.975586151975032262e-02 2.817859890650930427e-02 4.269769659815805807e-02 1.721357508245532908e-02 1.180737700229051454e-03 1.189437755109933915e-02 2.280936924414017630e-02 1.273832116116447311e-01 1.964415358692376268e-01 1.342589934570162340e-02 6.218710048066178988e-06 5.306478625454492948e-02 3.993971099296929859e-03
5.105030238558540961e-02 1.378608650374828215e-02 7.203156185275272350e-02 1.720928730959988828e-01 7.152962890584947490e-03 5.130756129704140689e-02 1.235807958400825073e-02 9.609110657377193179e-03 1.271407926631337448e-01 3.225352146493470212e-02 2.258516236739437424e-02 5.481182792845681884e-02 1.444230652782241796e-02 7.358906394130967921e-02 1.514113454889806469e-02 1.048803017416780198e-01 1.327271050688150211e-02 1.975715978990746566e-02 1.590545744410996887e-02 5.577729219421750755e-03 1.435549081653209047e-02 1.813042577625757421e-02 2.949457932160900932e-03 3.464028279713904021e-03 6.695308514078392170e-02 5.401805643506086066e-03
2.333131681740715536e-03 2.815771156087184551e-07 1.502779988468428579e-08 1.398070655131100799e-03 3.326936063518152418e-07 3.763731252448259612e-07 4.591124447777306800e-03 5.359086665726069951e-07 1.176244235680141753e-03 9.214298755550666300e-05 3.255801017131662199e-04 9.030270205311712344e-07 2.657323633849991221e-03 5.526437252713595205e-03 1.938363268485970010e-05 9.695426721060811381e-01 8.805732724664496955e-03 4.786768017746132961e-08 9.965792595144922124e-06 4.648618979690705579e-06 2.792026335576581249e-03 5.731113505378851317e-05 1.884221140903278896e-04 1.062977241785060201e-09 4.766189167094027736e-04 6.700894113121493968e-07
9.700386678358772011e-04 1.727621137276911991e-03 7.202747335516833729e-03 9.969030393614859709e-03 1.978697915980908925e-03 1.611179995554252756e-05 1.894645860773713497e-01 1.922099619351976365e-04 4.805652309498755284e-03 6.284946753866289294e-03 1.794234561370903179e-04 1.708596028342234969e-04 8.515973274583300357e-04 3.407741363989167521e-04 4.213547214107157129e-02 2.953840024743791329e-02 7.468464549660353002e-02 1.224004024330848858e-02 6.648814274195814777e-02 2.445604911529073722e-01 4.277175374357447199e-03 1.066551012608761909e-03 1.951978144681511262e-01 2.844188778902854165e-05 3.349377348355689343e-02 7.213475487456837143e-02
1.291488633067960565e-02 2.354204632237948125e-03 1.092024957296101688e-04 4.603187880909121593e-03 4.889922585194105193e-05 7.094531613103097212e-03 8.585200238349864881e-05 2.465225461246661897e-05 1.270273736576340851e-01 2.843225765989147659e-04 4.122736270622192299e-03 3.808756316023835520e-02 5.027881659730298880e-01 2.289546873508449265e-01 8.724135892094284778e-03 1.339463120707491738e-04 3.484922742107211834e-04 4.069945782493824995e-04 1.584809932764358765e-03 1.923425266189343879e-03 5.014734352859194499e-02 7.375543604355068623e-03 8.228339914409503074e-04 3.337676696208953518e-08 3.380306830216900634e-06 2.879551196039442177e-05
2.064278105768865140e-02 1.939616727709864846e-02 3.343465428257599956e-04 4.322122727678912209e-03 2.226223007228843832e-05 3.368438078869905039e-02 2.794491157901376512e-04 7.032503104727791293e-06 7.547660864618559451e-01 1.246463146893505605e-06 8.632828317129685736e-03 1.250818825286259886e-02 1.945722421663244079e-04 1.509898973552432271e-04 2.244509770233115570e-03 1.077324619780552813e-06 1.148034180968352837e-02 5.148151496898164224e-03 6.762780555757903640e-06 4.467713601286386703e-05 2.521105778885190593e-02 4.229418829622758752e-02 1.191440284808651696e-03 9.951092434260364775e-11 3.879226639463158446e-05 5.739654706872824447e-02
2.907227240716241503e-04 1.776617611267931607e-01 1.794596080085728956e-05 7.111451842394414611e-04 7.904848848563251774e-06 8.812549197636420500e-03 4.062278067967022531e-03 5.256449773970616119e-05 6.345622754305850488e-02 3.835361242972816368e-04 2.448180346865890325e-02 7.582700702063827070e-02 1.007513196636444786e-03 1.282235857670668120e-05 4.101483054664366410e-04 7.214873569475983633e-04 5.981968330335932227e-02 4.548916039432661579e-05 1.877569839211419588e-04 3.274158848461752175e-02 5.189592519446653007e-01 2.026264975547501651e-02 2.836581605336521272e-04 1.944364138922933760e-08 2.477690159622474258e-04 9.534716765053141002e-03
5.655040046072686531e-03 2.024167008060515777e-02 1.117017366507655138e-02 9.745453646268812178e-03 1.163523675108443269e-02 1.583848345681494393e-02 3.248739714871146794e-02 1.065291617755415379e-02 1.057796286614812176e-02 6.510977090674685032e-03 8.021558731065522169e-03 1.643023582234191468e-02 5.418856153000264041e-03 1.686335199285472070e-02 3.599289316853107601e-02 1.207830052130348664e-02 5.723503723535940946e-01 2.508571986530346715e-02 2.561350414736790135e-02 2.089703131603005623e-02 2.919849649745514045e-02 1.963567008806276978e-02 1.698428904687994748e-02 1.134835502051623028e-02 2.409629853028307650e-02 2.546975581639951761e-02
6.968907258371344164e-03 1.305574595399573365e-02 4.719061079825093998e-05 5.278384197125067441e-05 5.018086639085931333e-01 1.787327613213217370e-02 4.889439728970719707e-04 2.542188137986272928e-04 2.384170959672328709e-03 3.180087322041045259e-04 9.250089058313165895e-04 2.757511133253562094e-05 2.076244112915116014e-01 8.646787698784528901e-04 1.678579680213672365e-04 3.300543063905820032e-06 1.198518437257013874e-01 7.544905067275791896e-04 1.060343215897171371e-01 2.907953571840545849e-03 2.934357911317563906e-04 1.635266039261721455e-02 8.282157476267010916e-04 2.575761834504157623e-06 4.214315593339483773e-07 1.093387071706466149e-04
9.714349766512470410e-03 3.410848928495901423e-06 2.107022474467280871e-07 4.570780847237542258e-03 1.182931794229588560e-06 4.310371991595762734e-07 2.010048152265187654e-02 1.536377585499997591e-07 1.273704006983248467e-03 1.638113364859779774e-04 6.290972548570516521e-05 9.937804271171960703e-07 1.634346869736373045e-03 1.174496671782700565e-03 1.848600048242586907e-05 9.365681080126719849e-01 2.148045725042790205e-02 1.787846603526058465e-08 3.261314513012387471e-06 8.894718894973252583e-06 1.435569739272525612e-03 1.500593015513272412e-05 1.448179038856463091e-04 1.275913015063628264e-09 1.618158294119676280e-03 5.957995966936445261e-06
9.714349766512470410e-03 3.410848928495901423e-06 2.107022474467280871e-07 4.570780847237542258e-03 1.182931794229588560e-06 4.310371991595762734e-07 2.010048152265187654e-02 1.536377585499997591e-07 1.273704006983248467e-03 1.638113364859779774e-04 6.290972548570516521e-05 9.937804271171960703e-07 1.634346869736373045e-03 1.174496671782700565e-03 1.848600048242586907e-05 9.365681080126719849e-01 2.148045725042790205e-02 1.787846603526058465e-08 3.261314513012387471e-06 8.894718894973252583e-06 1.435569739272525612e-03 1.500593015513272412e-05 1.448179038856463091e-04 1.275913015063628264e-09 1.618158294119676280e-03 5.957995966936445261e-06
7.279821684209572367e-03 1.078539393994436615e-02 2.923005168202180812e-04 9.425190478460463588e-05 8.125790925985310433e-05 6.283863341038989359e-02 2.534939423439099698e-02 1.077382581240843399e-04 5.479084960302606222e-02 9.789666731618176451e-03 1.919732563833939122e-04 1.396585479652418579e-03 2.049683148075763864e-02 9.409432793961307632e-04 5.544491769648525817e-03 1.714296138671555277e-04 7.629609209447106855e-01 5.252785157823095571e-04 2.555287843609843276e-03 4.517912967418225186e-03 1.461944843716494330e-02 5.886881871100871182e-03 7.380092688091256271e-03 9.499085027647137387e-09 6.298384119800600617e-04 7.727657487837507342e-04
1.096492785551432325e-04 1.995280042657351357e-05 6.068951748474950882e-08 1.527901594082845462e-07 6.231211580253137938e-07 2.979770045856845306e-03 1.220131099574488648e-01 1.582996167012447756e-05 1.042774752045228306e-02 1.399513535333513428e-02 7.009038749761037923e-06 2.012282026405040151e-06 9.349984390442651720e-05 2.648329193395789005e-08 1.477247793108939851e-04 4.780178533317365041e-04 1.722044754846702988e-03 8.792812949827630151e-06 3.815413119042131325e-03 6.315962402919378903e-03 1.749141648218764944e-01 6.419784559716549266e-01 4.767584561210383778e-03 1.935938599774219816e-10 1.610961336835577129e-02 7.764619435542344651e-05
1.721936486688880699e-05 4.085605316550098166e-04 4.356118399962337850e-04 1.820618253315180346e-07 6.066665632458572170e-05 5.547928719990283199e-05 1.322550696947970457e-02 9.518876392276254875e-07 3.141393404741669489e-05 4.638847367541414248e-05 4.767754365916008726e-05 9.256058403690148653e-07 4.060790416662619115e-04 7.403397420780641325e-06 5.111632940920550960e-04 3.099600454786742597e-05 8.638031173527396800e-02 6.999267551062951932e-05 1.061521385988546951e-01 7.809983507010243020e-01 1.648619854297178177e-03 1.070764983129597354e-03 7.843326192145208889e-03 1.989720688616206331e-08 5.409211701487840395e-04 9.328298472699212649e-06
1.223615049645870520e-02 5.162245636872263288e-02 1.133008093089714720e-04 3.978388386435659642e-04 9.624540731964708468e-03 8.429127954165085979e-02 9.222060000003277566e-03 8.535876096037183598e-04 4.306357689835851876e-03 2.592619807595131502e-04 4.608128302882705252e-02 1.284882887539351426e-02 3.043454733577922733e-01 1.082094693830349709e-02 9.205224123597503024e-04 6.013224383524382510e-05 2.004558743670890042e-01 1.980511266174799553e-03 8.558598420424359809e-02 7.471584784989692037e-03 1.358601111588642329e-01 1.599596138334824849e-02 1.517078333794981936e-03 2.393175747580670332e-06 1.042695478525034489e-04 3.022210854432350394e-03
