3.999943275498230727e-02 3.948935522938133019e-02 2.969072214342638460e-02 2.509965030296834251e-02 4.731546508462711881e-02 2.570682481087669530e-02 3.471932195213071892e-02 2.091928085290439485e-02 4.726225513513161725e-02 3.410404680350577478e-02 2.556482349646440819e-02 3.082663676875817965e-02 5.773243114852061320e-02 4.548188898842707439e-02 2.903243482678889362e-02 4.462486542080894292e-02 2.260695465423958467e-02 2.919206467631570850e-02 4.025197826973551940e-02 4.698114572654744914e-02 2.913369295594089858e-02 3.595199952605609983e-02 4.624918882360331412e-02 3.704609366551386146e-02 2.665867457651143260e-02 4.835248783162671843e-02 6.000628357420660641e-02
3.046629749688948424e-02 3.526637791334924499e-02 3.838613356857816655e-02 2.639665294869779008e-02 3.960549508995975937e-02 3.411341045357137863e-02 4.251097157484513139e-02 2.159157409846721581e-02 2.788484689237888045e-02 6.714883442751251597e-02 2.346547939291170753e-02 3.082355743380229066e-02 5.055959994691132386e-02 5.827173807734753463e-02 2.279168304631838324e-02 8.758325795422875967e-03 2.211504234044836883e-02 4.829857950306397363e-02 4.358784140844833288e-02 4.589367258348622108e-02 3.302379204739134405e-02 4.095248604471997400e-02 4.367181935972828943e-02 5.825126712933449691e-02 2.351457861978705974e-02 2.014150279851854505e-02 6.250844000810973355e-02
2.000475124133077251e-02 4.309796569167963221e-02 2.689017389800938199e-02 2.810660556700941837e-02 2.146956737811540894e-02 1.232816333261185088e-02 3.417557258356810485e-02 1.295186042510681687e-02 2.017453130830117181e-02 1.980502006156940539e-02 1.874921499827315180e-02 2.876484636176293574e-02 2.497443386087851505e-02 2.571135179371897284e-02 1.575978560523228975e-02 8.068235476924052324e-03 1.651862805463736456e-02 3.838731866747152055e-01 2.685414519746607068e-02 2.808792051138669921e-02 1.937453883402708021e-02 2.082650835530535163e-02 2.541919268821292086e-02 2.288434142002497909e-02 1.396926749933540685e-02 2.344885428818481443e-02 5.771133689261213895e-02
1.862074124028850058e-02 1.482446359525591006e-01 3.552893953710783287e-02 2.725605950870957361e-01 1.713182724501860141e-02 1.062619735223281452e-02 3.209512025773941096e-02 2.172101756958390653e-02 2.769124918977709099e-02 1.155258501051899429e-02 3.608491755648246535e-02 4.217190848632904748e-02 1.950967694987613965e-02 1.153941170134541866e-02 1.323151167240705674e-02 2.742602639805186843e-02 2.721234513386409232e-02 2.388856521578162917e-02 1.801994227138905072e-02 1.749493555326319533e-02 4.468390238035655632e-02 2.075740841338751322e-02 2.141640766468575277e-02 1.288084198800858345e-02 8.256079891555644784e-03 2.169231016240064092e-02 3.796090011889338700e-02
2.264492419467274004e-02 4.306719750137180669e-02 2.831973086839510365e-02 2.906966007823674411e-02 3.110576918338132588e-02 2.239764998661287337e-02 4.623482507852845480e-02 3.144410699624881206e-02 4.464342116436636337e-02 3.444542681294184699e-02 3.143488875363179003e-02 2.572461450328914281e-02 7.824507137181550831e-02 4.506919472477684263e-02 2.382984854322704391e-02 1.088132386016822141e-02 3.516766372053780482e-02 4.969656809679164067e-02 6.086902555554388888e-02 4.809643236162951946e-02 2.826998472498742226e-02 3.601922594093598384e-02 5.308288660076104781e-02 4.145378946448280422e-02 2.361474148175974480e-02 2.268292342874288214e-02 5.248910500216256297e-02
1.890399791479022151e-02 2.112700095114825385e-02 1.865861074652426857e-02 2.200275350597774918e-02 1.051882305474282318e-02 9.369455755983980769e-03 1.862081971303868044e-02 1.212317320151501052e-02 1.840441305181713186e-02 1.457538057243139284e-02 1.861380902253534017e-02 1.542251723536167997e-02 1.592955381949860694e-02 1.615814789482507632e-02 7.384111412885931668e-03 5.807133074202155409e-01 1.229654512556783812e-02 1.677512645765654245e-02 1.649777356812175480e-02 1.769171819503749868e-02 1.934877771259178522e-02 2.269568256838414705e-02 2.338890222123756260e-02 7.832155693010565967e-03 8.718767912533202311e-03 1.677685052133142535e-02 1.945182475123587509e-02
1.963129674595325697e-02 9.263429566183378761e-02 4.136777175706723292e-02 2.684290950070314027e-02 1.495071253839840714e-02 1.287110767361430812e-02 5.364542916240182951e-02 1.605591793629864913e-02 5.992317750910561985e-02 2.471139271509309107e-02 2.232783238038814344e-02 2.198151345079374722e-02 5.120153471379521731e-02 1.960058923202549069e-02 8.927429936881545181e-03 1.004165963456317770e-02 2.850682226978922332e-02 4.531591432006416842e-02 3.546729886685415917e-02 3.696258694241086329e-02 1.609187636714169423e-01 2.821341333184822220e-02 3.693941070467418597e-02 1.310313912988774789e-02 1.328337876084981564e-02 4.267162277206351662e-02 6.190307868122441048e-02
3.205002657894753110e-02 3.884423987849137255e-02 3.357979605939769713e-02 3.350658516847759838e-02 1.030970288721586858e-01 1.494660333067761478e-02 3.193625779589039787e-02 2.549099705694206006e-02 5.685634747465943828e-02 2.919408225186284622e-02 2.294701162841028194e-02 3.591224265927122489e-02 3.494554325788950394e-02 3.784606105934652798e-02 1.276479681524198516e-02 4.435808849272784155e-02 1.919999840170976552e-02 2.856246375252169400e-02 4.163627951586940101e-02 4.292578846237433965e-02 3.632909017455322048e-02 6.227421342285803518e-02 5.741211175958260693e-02 1.605048661725508655e-02 1.872791076993031781e-02 2.411990251329334395e-02 6.448604622965956046e-02
4.017895902547150011e-02 2.543954202147933469e-02 2.895883922179980779e-02 2.667852870362359338e-02 2.977031573345164869e-02 3.094012149298204159e-02 3.563080833666837366e-02 1.907294901753556898e-02 1.420793270727087887e-01 4.174999536045639892e-02 2.823265888285351327e-02 2.733040435490429951e-02 3.815494301149954109e-02 4.948946262852920580e-02 1.972570870184843159e-02 3.318571044105177170e-02 1.881305631446077153e-02 3.177354438956056515e-02 3.367583764723976886e-02 3.966222857240758737e-02 1.935713166655986250e-02 4.462040878406321742e-02 4.937772363404868692e-02 2.467968267051018350e-02 2.297310727679010081e-02 5.461971304489404017e-02 4.382929199260131997e-02
4.507954378150934999e-02 3.061435243818072527e-02 2.841665771230070942e-02 3.140062840580289810e-02 2.435749413181038242e-02 1.780584523528608298e-02 3.290489713354886880e-02 1.748966446076998318e-02 3.018719863181378374e-02 2.741378878945193928e-02 3.414880900843087624e-02 2.838253540575994341e-02 8.100648515787461923e-02 1.250241567283801036e-01 2.503852924592836135e-02 3.113355060329839677e-02 2.072017136873974957e-02 3.423132150907177290e-02 4.367897725012982041e-02 6.787706101862828190e-02 2.026718259416150636e-02 4.079219301974353756e-02 4.526452358541397519e-02 2.739465154618283757e-02 2.621822517558898905e-02 2.009489333014536500e-02 4.305666273204710598e-02
3.258204652994336342e-02 3.697755851166640434e-02 4.128593661929711583e-02 2.297552661215652645e-02 2.599906389488912742e-02 2.464205192418999352e-02 5.067854252108464075e-02 1.721680038222476311e-02 5.274496081003433173e-02 7.361497511239932512e-02 2.096265422517975749e-02 2.056101281334863848e-02 5.565961649987211102e-02 5.766801907937244009e-02 1.568799514992856234e-02 1.273321741928614380e-02 2.422108737524729730e-02 4.608278124726966629e-02 3.568866380893934848e-02 4.869684897401733992e-02 4.514980429456291744e-02 7.053718836152528260e-02 2.823206120546496029e-02 2.097670667236565048e-02 1.911320409571325152e-02 3.746096261653692611e-02 6.185071324348422050e-02
2.081437662085593512e-02 2.666414326419234287e-02 3.276937988946448249e-02 2.016342490304754570e-02 2.199671642175000594e-02 2.160978177643465767e-02 5.229395806943797770e-02 2.457919192631524696e-02 3.084696679410012590e-02 3.432058074864652308e-02 1.870569656713809772e-02 3.466590857546540672e-02 5.942472549649564784e-02 4.558696858944837754e-02 2.346218496172697288e-02 8.184808933789767746e-03 1.925714268699302636e-02 4.067563395030735635e-02 9.118359687400336144e-02 8.200628826796391158e-02 2.967446209287066122e-02 7.240748396376991969e-02 6.228731014884174300e-02 3.574704247114987576e-02 2.240945308871483341e-02 2.147451660651935809e-02 4.678825631055692075e-02
6.915251462859300924e-02 3.180383205032042554e-02 5.727197814762404610e-02 8.630577448632992255e-02 3.715939761407267838e-02 8.042559535370967516e-03 2.682216002038773084e-02 1.344857793536344791e-02 1.202742965112311990e-02 2.240074241137976832e-02 2.464733148899604653e-02 2.651616607846245602e-02 7.013679227318202203e-02 2.276310108299864354e-02 2.593296568835123592e-02 2.773391530701484892e-02 1.225162617877599038e-02 1.464067023572957968e-02 4.818126828209385454e-02 3.942806372883329857e-02 5.657472896548444707e-02 1.732622658275525737e-02 2.941257935174450278e-02 2.305098161654746056e-02 5.957918062091567546e-02 1.233031884475064149e-01 1.408624759004339748e-02
1.971307805513761863e-02 4.743356955301421957e-02 3.516630218362636756e-02 2.621764484875463777e-02 2.068756565276161363e-02 1.512637128207339025e-02 1.754571268334605416e-01 1.908554458054706124e-02 3.782620629838306242e-02 2.615738224947642895e-02 1.977370285001427141e-02 2.390209412221287050e-02 4.833013887942029518e-02 2.810545958328746624e-02 1.397640788946517831e-02 9.662056193117685501e-03 2.278943702428423701e-02 4.963093343902136995e-02 3.710614807768902734e-02 4.133996912535718021e-02 4.601498368023600877e-02 3.719462581050454048e-02 4.074604369976746882e-02 1.953447174209924433e-02 1.480618368105530297e-02 2.637566718729415782e-02 9.784088547793876045e-02
2.958539549202564983e-02 2.036437425322292979e-02 1.821567235733859147e-02 1.789890457000757606e-02 1.972240320208813735e-02 1.251090721230264588e-02 2.427329399922618230e-02 1.383895288015718310e-02 1.676130013454072906e-02 2.285302556820880890e-02 2.108376199837050033e-02 3.144821145014380787e-02 2.847696666526724346e-02 2.632746505057279723e-02 2.587452687065922713e-02 1.156614726686992257e-02 1.750442912541263357e-02 2.240469999607473672e-02 2.887357861517025545e-02 3.058654118170109001e-02 1.839443208286206319e-02 1.985952804725564166e-02 2.118519197123911943e-02 4.252088223423764468e-01 2.892426532744062778e-02 2.209827859743997841e-02 2.415892374202535317e-02
3.693004724887958418e-02 4.662734871506788586e-02 2.727895831879048258e-02 4.596802178629709468e-02 2.546787211064892309e-02 1.958555376089521349e-02 3.730254748035581602e-02 3.381476977330866163e-02 2.750480880321135024e-02 4.336627646750822879e-02 2.484477782686669509e-02 3.066778179170236499e-02 2.754906374866912880e-02 7.171943997264028370e-02 1.734415583324966717e-02 1.206939175770515953e-02 2.625692960222486896e-02 7.152186246709227313e-02 4.868215525249313530e-02 4.845127638906496920e-02 2.623008695504840809e-02 2.653633367310623270e-02 4.611316559108163959e-02 2.569606657015461107e-02 2.341769546780204936e-02 7.838720245445793267e-02 5.066641018167725857e-02
2.223205417851101262e-02 1.341952755294363760e-02 1.895089432179758449e-02 1.726815833005785825e-02 2.884762933984528349e-02 1.593514885923394409e-02 1.296677593674702179e-02 1.248732280185645138e-02 2.273902830710968284e-02 1.691670004544457845e-02 1.406485866874743196e-02 1.555490716865231063e-02 1.692516474450232386e-02 1.765031339595983517e-02 1.305217181857751783e-02 5.456757814574084708e-01 1.215414035113791986e-02 8.954441751808706051e-03 1.713595429897992947e-02 2.011821473463494200e-02 1.217706271385067887e-02 1.810497581043852416e-02 2.472559688642469305e-02 1.600087857522901683e-02 1.511084214008588493e-02 3.895850669947452383e-02 1.187294911054006391e-02
3.758958953325296226e-02 3.198499181865561286e-02 3.410873095465644100e-02 2.419175370553669144e-02 2.716015822493228135e-02 2.160285370085030313e-02 4.479876922026311548e-02 2.380929399119284529e-02 2.585069844427311317e-02 3.796352540085290439e-02 2.705265124104027502e-02 2.496122372054035421e-02 4.647696202504939672e-02 1.207399698091591311e-01 1.772737524607773466e-02 1.454882434199460638e-02 2.456029471308183651e-02 4.821288147443558714e-02 6.854690769192388344e-02 5.138073976628024925e-02 2.879824824596944818e-02 5.457117476155257801e-02 3.936203373404342093e-02 2.382661334556311974e-02 2.188989900923465209e-02 3.361420418110763059e-02 4.466963169847981696e-02
2.743400258111997406e-02 5.978072218261428622e-02 2.597889824822443086e-02 3.205326758638096796e-02 2.627126664477009987e-02 1.783593708703490321e-02 3.504312328460918585e-02 2.672794742216833344e-02 6.690108956009049868e-02 3.556371125434101832e-02 3.201081461162881558e-02 3.837553077342655689e-02 4.155001182270588039e-02 3.295217253945374042e-02 2.648533833041811017e-02 1.331615247252252755e-02 2.601952470230720418e-02 5.458233228152328115e-02 4.389156945042325952e-02 5.766257372648859320e-02 5.212881447958542247e-02 5.487703081769652186e-02 3.826082422875756728e-02 3.594257500737747801e-02 2.379349326385213695e-02 2.604763786298969208e-02 4.851363777748953637e-02
3.375846685083880305e-02 3.427543417163965433e-02 2.040443777767794037e-02 1.925794369857682445e-02 2.325623443725501407e-02 2.335869346458323281e-02 4.039682649321786612e-02 2.279753285827118559e-02 3.770954041707998833e-02 1.939421109440504776e-02 2.306823869904944119e-02 2.590080794804024492e-02 7.433868835394037700e-02 3.341749492158167800e-02 2.234744761425280085e-02 1.785338612882140033e-02 2.583861643901354255e-02 5.770691551200239633e-02 7.265352182087334021e-02 1.045901570355778076e-01 3.783319493626641911e-02 4.863637019186351634e-02 5.743913240141356596e-02 3.035417497187456112e-02 2.069312539653055463e-02 3.105910927481498815e-02 4.166029709053778451e-02
2.863965228184111450e-02 2.932381638415218830e-02 2.650710201240981737e-02 2.048139631044337133e-02 5.302930001193404547e-02 4.285883294808381927e-02 2.689355356039830475e-02 2.322260560011740055e-02 6.441461315695383438e-02 4.221074690209409425e-02 1.361642702787696849e-02 3.182019694777138419e-02 3.946701684857673725e-02 4.503442269722058439e-02 1.802204202436911290e-02 1.853852730366619198e-02 1.810731920240041259e-02 2.867081209805711142e-02 4.229393789666315712e-02 6.653149081421275146e-02 2.546438662223473454e-02 8.148665452178446844e-02 6.712885878000929285e-02 3.818338794364378036e-02 2.417374275959054131e-02 3.667860061010189132e-02 4.720055673339294128e-02
2.572990581681194877e-02 5.653134160506061850e-02 4.516202573324065717e-02 3.062903024212930078e-02 2.525184647653409484e-02 1.623625926943352005e-02 3.785224111939555769e-02 1.577151687790710050e-02 3.158834438146964491e-02 3.747919472800691210e-02 2.186519366459687905e-02 1.978964380699583386e-02 4.583572433583071870e-02 3.027984032331730233e-02 1.098850137295178699e-02 1.085536596715983189e-02 1.779426218554575057e-02 3.147172899872543311e-02 3.301765068268953246e-02 3.188557086305542076e-02 2.366207873861656541e-01 4.195995379811848919e-02 3.213311256591727672e-02 1.649677610420214116e-02 1.823268313691645687e-02 5.546822588617236760e-02 2.307327267164963405e-02
2.970748709756381931e-02 5.047010086168202819e-02 3.261160581130468500e-02 2.720163139055966489e-02 2.775392017963091915e-02 2.088135461755593475e-02 4.082880041203910959e-02 2.556813343634295466e-02 3.466654111280430967e-02 3.561730238773111457e-02 3.260810053884309612e-02 4.604205628009525042e-02 7.695882893344857534e-02 4.008624032408056315e-02 2.597208047110883405e-02 1.235612131989768762e-02 3.018294879705323702e-02 4.031079017000412795e-02 5.197743814105489774e-02 5.854437475332228968e-02 3.989450153519116110e-02 3.745759250480292651e-02 4.138097430771026097e-02 4.446919869416226384e-02 2.748561839624397152e-02 2.837873350277963364e-02 4.058752402298653611e-02
2.618771431426987484e-02 5.967921098472078745e-02 3.593599441031388592e-02 2.679871083177996771e-02 2.363343139122734901e-02 1.598144321805443011e-02 4.430336038517330294e-02 2.886766644987943942e-02 4.324096571686708579e-02 2.370964147939442351e-02 3.189907209281468703e-02 3.733295113271661164e-02 4.709296468774593764e-02 3.374336075150179137e-02 1.592135911654930791e-02 1.277293838996246093e-02 2.410963186012311105e-02 3.648415023636184668e-02 4.045966905290088178e-02 4.686779243890899088e-02 6.058025071549583140e-02 6.044575843492271811e-02 6.089991606853475958e-02 4.818602057853613868e-02 1.628631287950610407e-02 2.605269752478018425e-02 7.252701485695818573e-02
2.086424787851476684e-02 3.373178829190180000e-02 2.570572148571504886e-02 1.909338829787023475e-02 2.513326665453146161e-02 2.110830666294035915e-02 3.627208800856267928e-02 3.011383812362238357e-02 7.426032286435681196e-02 3.151020207167151005e-02 1.894681846830726865e-02 2.913689682443041176e-02 4.919521347820694779e-02 6.985249884814240251e-02 1.570039583506084926e-02 9.245657473745913166e-03 1.801677285495222741e-02 3.968375640649825231e-02 4.857099439361808185e-02 8.090172709388988859e-02 2.556602810572991893e-02 9.659412947574125274e-02 5.178935618689951143e-02 2.699653298682817490e-02 1.708439025799197986e-02 2.494601160149563512e-02 5.997964936877423631e-02
2.599034733138371259e-02 1.689343500823944563e-02 3.347186415566081458e-02 1.353293072222245229e-02 2.249517836319852790e-02 1.405839945198117912e-02 2.574776048949512994e-02 3.702620879284741068e-02 8.595047030294607204e-02 3.976159322183454858e-02 1.137203323857915310e-02 8.413200336247571298e-02 3.160223407414197716e-02 4.402058195293010595e-02 9.552930826322834218e-03 1.178029073273003172e-02 1.306242428511940161e-02 3.021207153554545180e-02 5.382831586087245129e-02 4.402677811567927424e-02 2.370012237577619196e-02 1.069884658038389585e-01 6.106081159254458934e-02 3.880963355988108210e-02 2.836171629616015405e-02 3.520772290275401423e-02 5.735367564483931369e-02
2.937130257680350617e-02 2.385110344518589359e-02 3.175270205506325327e-02 1.968050485412717668e-02 2.230624097212478146e-02 2.950391148362290633e-02 3.546237297144932965e-02 2.279901457016629204e-02 4.056295377288844650e-02 4.234050283839277395e-02 2.157622424605138214e-02 2.805322990132595382e-02 6.716075121806111548e-02 5.291263127535262428e-02 1.933834466052535006e-02 1.154831308731599053e-02 2.243505216749504955e-02 6.119798791129001103e-02 6.329279257019991556e-02 1.124570453946736187e-01 2.495511426925053552e-02 6.218019277761996366e-02 4.151382580646862525e-02 2.599125219784630819e-02 2.140684141386708580e-02 3.032209353005159772e-02 3.602769803278059457e-02
1.742097320822859341e-02 1.704215911064838745e-02 3.470801252961826927e-02 1.250032595626038301e-02 1.975771114075118920e-02 2.202047691897582316e-02 2.720029364037845551e-02 4.058766274707834021e-02 1.033266872180408358e-01 5.598616660724362731e-02 1.156437941522845542e-02 3.733007550943519270e-02 4.132412643705907912e-02 4.684681677226546631e-02 1.228429991420000589e-02 6.956766071786264945e-03 1.257753963038801652e-02 3.273645737001014411e-02 5.954794505508181901e-02 6.532478326177312833e-02 2.519973059521483927e-02 8.115538236874798861e-02 6.313980424668426406e-02 2.763773049105860274e-02 2.615895545257744190e-02 2.335983939969692516e-02 7.630489893156833237e-02
1.805461117449376832e-02 1.416256596718328542e-01 2.828877488090962219e-02 5.869675607147724350e-02 1.446532220784573497e-01 2.179700507351886585e-02 2.866252724592348311e-02 1.743650733146032486e-02 2.755218477663298748e-02 3.119471248416421857e-02 2.850468048315891317e-02 3.529251634554882860e-02 4.214421885831438203e-02 2.437678367094097895e-02 2.065802391879379557e-02 6.966517355243361832e-03 2.724926114300704055e-02 2.864772786150755063e-02 2.524617980812630252e-02 2.335291273295393363e-02 6.204346797595157448e-02 3.069272165493868929e-02 2.424195866098261681e-02 3.310250180038035173e-02 1.602292713344533742e-02 1.741306743009208083e-02 3.608257237774353809e-02
2.800316705348294272e-02 1.097333984845882821e-01 3.873352384028861534e-02 3.013263489875587717e-02 3.405763077757499591e-02 1.696698482026752844e-02 3.031477927023241634e-02 1.554397989154402034e-02 4.193505926878259710e-02 2.480126098396400261e-02 2.736383773324054663e-02 2.252700210525519081e-02 5.958619206547824398e-02 2.379612084291864854e-02 1.723058643834012027e-02 1.458164902762607365e-02 2.109462349829590438e-02 2.775354053084801501e-02 3.491395262560617607e-02 3.514406456134870627e-02 1.418200952213508059e-01 2.212414883821136116e-02 3.886887021066355585e-02 2.603414605638898136e-02 2.806039325802662729e-02 6.862343552221879250e-02 2.025492217470096362e-02
2.618149338866433348e-02 3.462956866590366500e-02 3.597738418888925260e-02 3.350384543545829180e-02 2.502258558374432715e-02 1.926481744893941001e-02 5.632567056012494078e-02 1.996527072207176373e-02 2.849384544256578639e-02 4.148654325276929927e-02 2.530902716550883710e-02 2.884455530187285052e-02 5.107554856487851042e-02 4.498079290749632669e-02 1.603186264396964239e-02 1.526540887505255586e-02 2.599545328844479405e-02 4.477940723383488919e-02 5.454471073533057740e-02 4.968769695158756217e-02 3.574512041206182739e-02 6.219698797262444845e-02 9.071753101910196015e-02 2.286660819202979839e-02 1.884208875181660539e-02 2.891495560671060450e-02 6.335121968854717789e-02
3.495309064433614610e-02 4.319321389660687321e-02 3.301002085727322566e-02 2.884646498390077557e-02 2.740414595261655636e-02 1.785425251794178769e-02 3.410550396155930669e-02 2.118786179228571848e-02 3.082479289064031860e-02 3.220518793990134049e-02 3.426332481356332560e-02 1.124062819346570985e-01 3.834138535626024219e-02 3.344081497664303654e-02 2.473396331150284552e-02 1.202436620110700072e-02 2.711565560752049464e-02 3.833056381893528569e-02 3.690323466536129388e-02 3.722190699815932508e-02 3.730872236624740990e-02 3.240655769824173776e-02 3.647253307633628594e-02 8.895755480619199629e-02 2.510145930463106301e-02 4.270146900651113075e-02 3.868567062106833404e-02
1.773144810623846282e-02 4.884114970860497368e-02 4.507347650328672600e-02 1.356010244065387338e-01 2.918349210452940087e-02 3.048744695937010557e-02 3.606542143949403173e-02 1.874866861636917403e-02 4.309439622556477528e-02 2.713278636771596780e-02 3.423156345250442240e-02 4.894803737061380333e-02 3.919820255706684548e-02 2.849304537773249268e-02 1.988887762599375608e-02 5.935235707061599017e-03 2.921700519899582404e-02 3.412113730100733294e-02 2.357329542650169960e-02 3.445093720661901449e-02 4.307100305272331536e-02 8.383761191750357944e-02 3.159781413059298272e-02 2.565654697896286446e-02 1.395643564833104304e-02 1.669050692976321512e-02 5.517343368031379924e-02
1.639861754006754005e-02 1.874939783061411666e-02 1.641070090185621499e-02 1.909956105610587790e-02 1.015991191895444096e-02 9.110832912558311167e-03 1.778054337278269642e-02 1.281297931718690560e-02 1.783409525004562429e-02 1.348182969195418739e-02 1.562300721137540975e-02 1.521676490257066472e-02 1.557039197251412592e-02 1.472256575847031602e-02 7.848359377271163159e-03 6.056763017637613045e-01 1.374916643183735597e-02 1.643041465709105947e-02 1.674048653327084996e-02 1.794298023435484529e-02 1.671771325656655482e-02 2.263090821471660727e-02 1.873706018012189639e-02 8.580976488626821871e-03 8.241040935006089738e-03 1.270763505198852991e-02 2.102575723833022964e-02
2.558002495551353964e-02 4.211828986980803435e-02 4.422626566505996615e-02 2.523649572089281881e-02 2.425929817040996250e-02 2.551732710319815078e-02 4.613734943903145813e-02 2.287764450650277281e-02 5.800837765853582295e-02 7.517302628774673312e-02 2.164714119453173616e-02 2.868278925505753432e-02 5.309152432619358708e-02 5.590936748566024961e-02 1.600688076648630956e-02 9.173490860793335339e-03 2.600613666453621339e-02 5.305639172255759844e-02 3.896240565921967741e-02 4.069226824679689214e-02 3.012213159778559177e-02 7.557621129969309404e-02 3.806377123530307188e-02 2.298832551109313352e-02 2.059842484704487928e-02 3.259883904224913920e-02 4.768980090829871149e-02
3.376649732848875651e-02 4.431758687012456871e-02 3.856116878252274088e-02 3.644281751219626692e-02 3.333360873434637606e-02 2.161738526748158140e-02 5.404428626270912916e-02 2.066749657135280235e-02 2.978949803803875723e-02 4.096226393989507025e-02 3.017827190782903027e-02 2.613411718303485648e-02 4.858273652338421927e-02 4.450320299374741634e-02 2.479557765737552821e-02 1.695693318870201277e-02 2.640753633030516398e-02 6.014807991760527661e-02 5.532044608528081941e-02 5.533681746200983659e-02 3.233998911024205114e-02 5.034189379399064967e-02 3.148247106911097881e-02 3.474995378857836242e-02 2.264670413873921470e-02 3.109442942615943048e-02 5.547823011674919702e-02
2.953517885970141643e-02 3.320867534739056076e-02 2.783597966353057798e-02 2.298083459809622739e-02 4.510791764779040897e-02 3.568401382526082549e-02 2.979979000921575277e-02 2.354701783061501422e-02 5.296966142446572073e-02 3.976790367667517451e-02 1.674783292545533805e-02 3.343530989347201499e-02 4.708746099106803085e-02 4.321525290776569855e-02 1.953270503131895874e-02 1.687190897355594216e-02 2.059289475558427618e-02 3.196866615178989984e-02 4.578825925833500399e-02 7.108367645880003804e-02 2.831895471433806474e-02 6.691585901664177938e-02 7.295168705977449208e-02 3.863804735536374019e-02 2.420197484757576761e-02 3.397102161203201243e-02 4.824151516438721782e-02
3.224983464364637037e-02 3.612616574271022146e-02 3.721782564736517140e-02 2.657569374491641420e-02 3.761081241082713661e-02 2.357017892728166530e-02 3.165796286388417730e-02 2.253908011659936164e-02 4.806299536556472157e-02 3.402786476959653722e-02 2.372067046882251479e-02 3.574728838643824458e-02 5.418829513597667874e-02 3.638372669320948799e-02 2.133835236641136793e-02 1.994820959515924974e-02 2.477627886364527562e-02 3.803709430415724846e-02 4.372680971929081978e-02 4.563651897819841208e-02 2.912559940882318565e-02 7.472990581354145567e-02 4.862918848871917998e-02 3.453974764896877714e-02 2.639558026815358449e-02 4.242692611871089897e-02 7.101139350938193151e-02
3.067355166720440313e-02 3.975030245912258148e-02 4.390774802314384440e-02 3.346002778856945609e-02 2.593107567075750991e-02 2.041755165181367154e-02 3.661915750973177008e-02 2.428889113901327307e-02 3.139629165220298584e-02 2.891328339830051206e-02 7.875598129868419117e-02 9.497844489356763176e-02 3.734490113958101321e-02 3.904524406715973589e-02 2.927093663303458743e-02 1.163257713628420079e-02 2.968262782827541316e-02 3.536570273661274882e-02 3.594446455101412558e-02 3.846683341671498779e-02 3.109107021936145104e-02 3.581944786519491997e-02 3.304093607391334064e-02 4.600173644246832033e-02 2.112409515905580223e-02 3.983002840233126202e-02 4.724709117688619814e-02
2.408519639040963140e-02 1.713817182639092510e-02 1.693002002696678346e-02 2.096987320978447450e-02 1.378983271184935043e-02 1.151766267875410470e-02 1.664567716452866261e-02 1.068514955508469318e-02 1.666036230714261490e-02 1.649778387196993573e-02 1.803130374334131064e-02 1.637391109984893608e-02 1.617577158003353707e-02 1.978957940686338485e-02 9.734963347976405626e-03 5.858164842501831782e-01 1.210493848999926944e-02 1.250700890209682954e-02 1.564742507993750406e-02 1.800300290994706273e-02 1.250388984488745754e-02 2.141363685651661089e-02 2.055914949216686854e-02 1.091823509742105743e-02 1.066509748158952012e-02 1.674240975342400350e-02 1.809346292088596583e-02
1.982090678945484796e-02 2.458306110518373999e-02 1.855757665327247702e-02 1.850296385307244329e-02 1.748590915081168345e-02 1.260583178401268427e-02 2.339566744766158335e-02 1.319168658409786317e-02 1.907807474023586261e-02 1.973290947456792996e-02 1.655860327030989759e-02 2.081550607262509095e-02 2.525684801036136989e-02 2.388018313756239824e-02 1.475439326197779295e-02 8.401618081532927565e-03 4.830542491370756197e-01 2.474118187179059902e-02 2.635429090612468120e-02 2.522693661170179180e-02 2.025117988628920979e-02 2.151588297630651139e-02 2.232921250661232607e-02 2.151228135021420601e-02 1.473813105675245323e-02 1.694082092931418343e-02 2.671409335107772023e-02
2.660999855473875075e-02 4.007153990007748107e-02 5.514128416912781466e-02 3.024244435798482608e-02 2.353813015286308763e-02 1.728016759608344208e-02 4.210457707352849299e-02 1.786059947749876059e-02 3.505441748314935130e-02 4.113352377462666659e-02 2.542362856548625177e-02 2.749029973896914211e-02 4.137570789664538756e-02 3.617963948549347136e-02 1.278453719450454301e-02 1.480280553325204890e-02 2.452995327451835267e-02 4.793310868609922115e-02 4.549424066373088799e-02 4.570136075990018781e-02 1.277750821633955314e-01 5.493764801684965227e-02 3.512506982896313606e-02 1.736853800448142499e-02 2.030547577749161961e-02 3.097620134498214189e-02 6.276002052555830490e-02
2.192953374184932955e-02 5.214695045701366050e-02 4.219446403690912256e-02 2.631532500738131830e-02 2.280884826110246913e-02 1.739448818036909775e-02 4.894725196597628919e-02 2.822220146287817907e-02 3.865604854659845241e-02 2.686772358095388877e-02 2.023072175485626442e-02 3.331284488167994551e-02 4.985924844356515173e-02 3.204502766972499445e-02 1.611123365640412114e-02 8.963731699263380662e-03 1.996171613379211021e-02 5.499638609776891923e-02 7.587029634204486839e-02 4.527747078042172052e-02 4.366672738575246016e-02 5.380347354083313965e-02 7.173712917883585949e-02 2.617576562185471717e-02 1.754809616774951134e-02 4.448690180559220636e-02 6.047039359882869919e-02
2.327873159219224011e-02 4.410755568485570655e-02 4.403138854536528535e-02 2.852549633405066648e-02 2.494289160164752869e-02 1.688336699987756651e-02 5.029256410730836846e-02 2.337254605938116764e-02 2.619323774116813497e-02 2.472467113623720916e-02 1.636109939614955044e-01 4.732562370065350466e-02 3.609738036659550231e-02 4.066917542917217882e-02 2.618270962026126095e-02 9.722584816054749210e-03 2.543489237780702239e-02 3.300597526668723469e-02 3.878373597867900563e-02 3.892931852433530182e-02 2.723602849912752991e-02 3.670237642004196138e-02 3.384756829916687332e-02 3.686108061037031425e-02 2.167162372559529662e-02 3.270381984024008787e-02 4.486266276163287242e-02
2.625903070851399318e-02 3.923957496692391522e-02 3.336602362509087649e-02 2.946593337861294973e-02 2.717041473685921291e-02 2.046535374176421465e-02 4.195388864817273938e-02 2.053838506799042854e-02 3.025707462113077020e-02 4.046618438528663819e-02 2.747879619115514357e-02 2.676219897639412620e-02 4.594595778216434279e-02 3.912514766123686288e-02 1.799864177616052399e-02 1.566741052994661057e-02 2.744002553884304293e-02 5.256937892369190068e-02 5.410826853037777051e-02 1.360622097249122864e-01 3.481445337226001663e-02 4.854252717248444537e-02 3.748849132886846597e-02 2.645771468210547303e-02 2.011164110818148068e-02 3.099813565491350842e-02 4.924713716595829904e-02
5.570041121684101565e-02 3.017122695620941264e-02 3.371893990762524218e-02 2.413783013493165167e-02 4.488028458395951908e-02 2.860362246382344015e-02 4.488637689538092085e-02 2.103329472443279599e-02 2.999674643882159486e-02 4.062209192276356601e-02 2.268726806619306494e-02 3.476082768857091665e-02 4.777443047581304142e-02 6.244553206320475891e-02 3.061603058189677970e-02 4.389739491718729070e-02 2.072493247733254995e-02 1.791771761246587630e-02 4.187888270087062464e-02 4.012611359053967069e-02 2.293834368317884329e-02 2.758351540183327441e-02 4.301128431112053591e-02 4.877579469734684425e-02 4.601971187513170802e-02 6.300134090637904416e-02 3.209005370614601699e-02
2.282764020239264405e-02 6.563304398884037272e-02 4.331806747018265152e-02 7.317681059189833082e-02 2.961395153445465361e-02 2.805816880594949603e-02 5.790562683085642010e-02 2.332108638426418426e-02 3.475263770809652181e-02 4.756699576748903840e-02 2.921384825309430305e-02 3.106174224614141263e-02 4.642267461734871092e-02 3.057229518784068331e-02 1.507164783159533131e-02 1.045647625078110522e-02 2.998411281217665605e-02 4.787566395960049515e-02 3.034213619548095653e-02 3.541014647503183677e-02 5.851757826948072311e-02 5.296388356529464769e-02 3.128651422086280165e-02 2.368361852849213550e-02 1.531031567426134957e-02 2.520294217592435743e-02 6.045037445216813743e-02
3.071074142204655022e-02 4.639380705804364846e-02 6.010800634094876777e-02 2.393458027097063873e-02 2.575529687234488774e-02 1.689898682531712146e-02 5.445420415038827733e-02 2.946260125526893939e-02 5.330878060060006973e-02 3.156389070820887072e-02 2.424863697443523092e-02 3.184745018636429836e-02 5.173800680863132467e-02 3.019277633559258947e-02 1.981173459392339062e-02 6.161203577481313975e-02 3.398539690240148098e-02 3.105552428513360178e-02 4.073899877952637943e-02 5.474965706651713226e-02 4.200474425888232888e-02 3.378861947782160063e-02 3.622259790872885826e-02 3.339461981835305932e-02 2.585334353386662537e-02 3.185719130960208700e-02 4.430777048126896545e-02
2.898042622271049945e-02 3.817514547812170950e-02 4.530731362224472286e-02 3.518549726116228238e-02 2.527115730189418916e-02 1.690372209174280729e-02 5.734656282198450500e-02 2.015028612191342369e-02 3.482032977423908660e-02 5.012127833674949462e-02 3.028257887752627137e-02 2.985230982575152320e-02 4.331186500520532723e-02 4.040955314367904866e-02 1.443674292161873686e-02 2.126762050359127035e-02 2.043965356719763815e-02 3.714114093411277628e-02 4.139529140486713360e-02 4.104248936668278974e-02 4.368412879370969781e-02 8.199514510960155544e-02 4.438559898197467352e-02 2.357349327609928324e-02 2.362029184073635019e-02 4.357503824917664803e-02 6.732533916570669630e-02
1.454736680551929617e-02 1.841450259698172026e-02 4.941200076490250698e-02 2.712150257558131050e-02 1.534210942229960808e-02 2.271680611222557516e-02 6.892271780910734502e-02 1.472630932563553582e-02 3.197707817273553327e-02 8.380611108724443647e-02 2.070851746982124361e-02 7.504477498224243828e-03 3.912573985303455237e-02 5.210802928063110184e-02 6.524469591663374299e-03 3.297784509996248142e-02 2.492032845633411139e-02 6.746609002645927167e-02 4.163497451096773161e-02 6.263382195763413096e-02 2.708484646823546005e-02 1.318855228527995027e-01 1.719185872783069585e-02 6.843373920651947724e-03 1.368261807731279735e-02 4.462119127974384369e-02 5.609979025646051609e-02
2.390673733945753235e-02 3.734969096932096166e-02 4.451902019944606326e-02 2.488163179791754581e-02 2.924399871467641548e-02 2.785491731279948757e-02 4.262369981317620099e-02 1.912908929386243975e-02 4.859606079978645576e-02 5.862870463329663412e-02 2.026029049430782408e-02 2.388012602281221544e-02 9.354257142098490463e-02 8.116196285972077096e-02 1.430628677620682937e-02 6.950359594567981358e-03 2.375086475564947008e-02 3.510200642081443001e-02 3.369900513739119280e-02 3.453219258949257603e-02 3.823509192061728956e-02 5.950458872996158832e-02 4.011503915622860461e-02 3.108948239025917382e-02 2.231670680545351504e-02 2.166662971680056310e-02 6.315324433499136525e-02
2.597448298194456398e-02 1.266703759521369509e-02 2.130649831234452188e-02 1.366170338094448676e-02 2.169914710370951169e-02 1.812341404087457197e-02 2.426499771927659310e-02 1.919338506987782259e-02 2.016621249856653808e-02 2.810203495696254883e-02 1.581025713949355677e-02 2.014406695723452295e-02 3.524316998466257150e-02 3.666117994396162622e-02 3.999079330447590785e-01 1.168712313186985596e-02 1.726930730945602441e-02 2.171439559685652693e-02 3.143291849260379522e-02 3.654161732902697080e-02 1.330292030070860838e-02 2.547087514969100311e-02 2.256911154017651050e-02 4.120065859188615232e-02 2.708108814333213057e-02 1.852893407862087408e-02 2.027552960594524584e-02
4.083714888245900537e-02 4.111414944813265859e-02 4.251068243661671603e-02 3.049521594429383323e-02 2.525427948946932372e-02 1.839931655583364190e-02 3.992401853091411684e-02 2.266358196270007799e-02 3.766822444162136463e-02 3.794568258275921036e-02 2.564702462866425350e-02 6.114021700624066441e-02 6.327944929366396964e-02 3.914973842490603040e-02 1.617236738331772825e-02 2.127771957867009150e-02 2.409819957681760827e-02 4.430594998335608131e-02 4.402099104441392630e-02 4.721050824012902603e-02 3.959707348963886070e-02 6.379792704158319949e-02 3.415839387153136314e-02 2.122367867442050138e-02 2.514444487931405056e-02 3.813911427851150032e-02 5.482490233002116492e-02
2.874283026997506013e-02 8.758984671450016635e-02 3.787319259740973276e-02 7.073809873418764049e-02 2.978861109643685112e-02 1.987257943242054514e-02 3.258738238617540223e-02 2.147006438022810992e-02 6.629005855380133705e-02 3.253090824926434949e-02 3.897922616189245654e-02 5.078776133313268187e-02 4.633018030098227241e-02 3.280342324263349485e-02 1.937127854936205110e-02 1.050864848203975251e-02 4.142867396153149251e-02 3.066310022843186933e-02 3.325493976289094211e-02 3.271844733002953615e-02 3.916362540722696794e-02 3.881119217605871752e-02 2.815293284221487627e-02 3.697831920544317197e-02 1.874337003094210877e-02 4.214041359277816839e-02 3.168089497801016702e-02
3.695206269118499198e-02 5.081637944748938068e-02 4.866558587350523768e-02 5.580177604361052923e-02 3.896802456993813529e-02 1.679089032140704263e-02 3.447169922294224947e-02 1.789849400255097769e-02 2.942538039915720133e-02 3.117859169379694553e-02 2.616703521454964709e-02 5.072967652601861888e-02 4.551986309846496603e-02 3.526494992539661033e-02 2.122280448535043135e-02 1.134227024511113083e-02 2.849637941383979106e-02 3.503605017879233424e-02 4.535849751851254996e-02 4.294855349483196749e-02 7.286639606894311505e-02 3.899740618157554461e-02 3.920274939319589452e-02 3.344924311949840773e-02 2.205452086135585923e-02 2.520982450726939883e-02 6.516489550171103429e-02
1.659166118752170571e-01 1.512859508608217773e-02 2.074043141267276416e-02 2.040789254114259987e-02 5.589451950031038702e-02 2.116534294400962413e-02 2.737817824095548774e-02 1.804289998874897966e-02 1.743276431802395429e-02 2.674365843041139404e-02 2.549332051558408224e-02 2.064065790427526553e-02 5.076774134025415636e-02 4.658569347151539364e-02 4.781709710300651589e-02 4.586705288651383994e-02 1.903279860643725466e-02 1.486120582995588586e-02 4.592121378362586104e-02 6.332686085737940229e-02 1.523899136819926656e-02 1.754667119232195677e-02 3.294863356582703601e-02 5.200717895302520155e-02 5.301657185492393565e-02 4.255930549620238340e-02 1.751811093337814554e-02
3.701374898486999021e-02 4.854633064915546414e-02 3.179257578270573703e-02 2.656877626581335972e-02 2.466680326495902451e-02 1.755446033080371171e-02 4.629951834461917132e-02 2.804691893603956585e-02 4.177068544054796106e-02 2.485875213821887517e-02 2.279589141358366947e-02 3.453506433681952092e-02 5.019207028988778574e-02 3.282450886736076878e-02 1.376758213525162110e-02 1.609154568809998548e-02 2.444808974122603118e-02 4.253934178277812839e-02 5.294192725657528159e-02 5.273635064708519227e-02 1.120375365614634938e-01 4.540069085676007310e-02 5.345030210077215960e-02 2.098837858070394524e-02 1.981687415913030090e-02 2.647830944906992903e-02 5.183696599569923708e-02
3.804507052503345449e-02 2.641880120310898319e-02 3.441953260235577905e-02 2.365471285484726724e-02 3.941286822313833094e-02 1.851166186584116830e-02 4.061175766747022325e-02 2.597947833136846768e-02 2.258681279668887237e-02 6.047061316615934268e-02 3.089703074070047212e-02 3.201435033949114745e-02 5.604252146555147723e-02 4.747963250327785073e-02 4.403122045956784497e-02 2.432234405411170391e-02 2.362428742680856494e-02 3.059022360225339618e-02 5.243096375363646283e-02 4.730063032871960338e-02 2.552410969964127169e-02 3.503437058132623932e-02 3.715277775715895847e-02 6.790512409649991643e-02 3.947147516895497393e-02 3.048077194349776628e-02 4.558685684279041583e-02
2.230241471287970970e-02 3.357909884511739440e-02 2.562728433480305351e-02 1.908530247513748335e-02 1.877479962164335658e-02 2.464268167934614492e-02 4.708329988553326684e-02 4.856154063118140601e-02 7.459647903151718495e-02 3.668365840652561272e-02 2.679499000088426952e-02 4.142872354047513056e-02 4.666881050934391928e-02 3.287210108137939707e-02 1.597243215873598438e-02 8.561168995356619252e-03 2.450176793470301706e-02 6.274292593272434715e-02 4.414311524513236940e-02 5.650246114316540003e-02 4.607405623252074089e-02 4.503848477363218972e-02 5.988680586525407801e-02 3.711166228822291441e-02 1.606177736791641192e-02 2.200108892565493315e-02 6.270106838121350390e-02
